# savg-sphere: requested 128 polygons, providing 128 
polygon
0.538268 0.500000 0.452118 0.382683 0.000000 0.923880 
0.500000 0.538268 0.452118 -0.000000 0.382683 0.923880 
0.500000 0.500000 0.459730 0.000000 0.000000 1.000000 
polygon
0.500000 0.538268 0.452118 -0.000000 0.382683 0.923880 
0.461732 0.500000 0.452118 -0.382683 -0.000000 0.923880 
0.500000 0.500000 0.459730 0.000000 0.000000 1.000000 
polygon
0.461732 0.500000 0.452118 -0.382683 -0.000000 0.923880 
0.500000 0.461732 0.452118 0.000000 -0.382683 0.923880 
0.500000 0.500000 0.459730 0.000000 0.000000 1.000000 
polygon
0.500000 0.461732 0.452118 0.000000 -0.382683 0.923880 
0.538268 0.500000 0.452118 0.382683 0.000000 0.923880 
0.500000 0.500000 0.459730 0.000000 0.000000 1.000000 
polygon
0.570711 0.500000 0.430441 0.707107 0.000000 0.707107 
0.550000 0.550000 0.430441 0.500000 0.500000 0.707107 
0.538268 0.500000 0.452118 0.382683 0.000000 0.923880 
polygon
0.538268 0.500000 0.452118 0.382683 0.000000 0.923880 
0.550000 0.550000 0.430441 0.500000 0.500000 0.707107 
0.500000 0.538268 0.452118 -0.000000 0.382683 0.923880 
polygon
0.550000 0.550000 0.430441 0.500000 0.500000 0.707107 
0.500000 0.570711 0.430441 -0.000000 0.707107 0.707107 
0.500000 0.538268 0.452118 -0.000000 0.382683 0.923880 
polygon
0.500000 0.570711 0.430441 -0.000000 0.707107 0.707107 
0.450000 0.550000 0.430441 -0.500000 0.500000 0.707107 
0.500000 0.538268 0.452118 -0.000000 0.382683 0.923880 
polygon
0.500000 0.538268 0.452118 -0.000000 0.382683 0.923880 
0.450000 0.550000 0.430441 -0.500000 0.500000 0.707107 
0.461732 0.500000 0.452118 -0.382683 -0.000000 0.923880 
polygon
0.450000 0.550000 0.430441 -0.500000 0.500000 0.707107 
0.429289 0.500000 0.430441 -0.707107 -0.000000 0.707107 
0.461732 0.500000 0.452118 -0.382683 -0.000000 0.923880 
polygon
0.429289 0.500000 0.430441 -0.707107 -0.000000 0.707107 
0.450000 0.450000 0.430441 -0.500000 -0.500000 0.707107 
0.461732 0.500000 0.452118 -0.382683 -0.000000 0.923880 
polygon
0.461732 0.500000 0.452118 -0.382683 -0.000000 0.923880 
0.450000 0.450000 0.430441 -0.500000 -0.500000 0.707107 
0.500000 0.461732 0.452118 0.000000 -0.382683 0.923880 
polygon
0.450000 0.450000 0.430441 -0.500000 -0.500000 0.707107 
0.500000 0.429289 0.430441 0.000000 -0.707107 0.707107 
0.500000 0.461732 0.452118 0.000000 -0.382683 0.923880 
polygon
0.500000 0.429289 0.430441 0.000000 -0.707107 0.707107 
0.550000 0.450000 0.430441 0.500000 -0.500000 0.707107 
0.500000 0.461732 0.452118 0.000000 -0.382683 0.923880 
polygon
0.500000 0.461732 0.452118 0.000000 -0.382683 0.923880 
0.550000 0.450000 0.430441 0.500000 -0.500000 0.707107 
0.538268 0.500000 0.452118 0.382683 0.000000 0.923880 
polygon
0.550000 0.450000 0.430441 0.500000 -0.500000 0.707107 
0.570711 0.500000 0.430441 0.707107 0.000000 0.707107 
0.538268 0.500000 0.452118 0.382683 0.000000 0.923880 
polygon
0.592388 0.500000 0.397998 0.923880 0.000000 0.382683 
0.580010 0.546194 0.397998 0.800103 0.461940 0.382683 
0.570711 0.500000 0.430441 0.707107 0.000000 0.707107 
polygon
0.570711 0.500000 0.430441 0.707107 0.000000 0.707107 
0.580010 0.546194 0.397998 0.800103 0.461940 0.382683 
0.550000 0.550000 0.430441 0.500000 0.500000 0.707107 
polygon
0.580010 0.546194 0.397998 0.800103 0.461940 0.382683 
0.546194 0.580010 0.397998 0.461940 0.800103 0.382683 
0.550000 0.550000 0.430441 0.500000 0.500000 0.707107 
polygon
0.550000 0.550000 0.430441 0.500000 0.500000 0.707107 
0.546194 0.580010 0.397998 0.461940 0.800103 0.382683 
0.500000 0.570711 0.430441 -0.000000 0.707107 0.707107 
polygon
0.546194 0.580010 0.397998 0.461940 0.800103 0.382683 
0.500000 0.592388 0.397998 -0.000000 0.923880 0.382683 
0.500000 0.570711 0.430441 -0.000000 0.707107 0.707107 
polygon
0.500000 0.592388 0.397998 -0.000000 0.923880 0.382683 
0.453806 0.580010 0.397998 -0.461940 0.800103 0.382683 
0.500000 0.570711 0.430441 -0.000000 0.707107 0.707107 
polygon
0.500000 0.570711 0.430441 -0.000000 0.707107 0.707107 
0.453806 0.580010 0.397998 -0.461940 0.800103 0.382683 
0.450000 0.550000 0.430441 -0.500000 0.500000 0.707107 
polygon
0.453806 0.580010 0.397998 -0.461940 0.800103 0.382683 
0.419990 0.546194 0.397998 -0.800103 0.461940 0.382683 
0.450000 0.550000 0.430441 -0.500000 0.500000 0.707107 
polygon
0.450000 0.550000 0.430441 -0.500000 0.500000 0.707107 
0.419990 0.546194 0.397998 -0.800103 0.461940 0.382683 
0.429289 0.500000 0.430441 -0.707107 -0.000000 0.707107 
polygon
0.419990 0.546194 0.397998 -0.800103 0.461940 0.382683 
0.407612 0.500000 0.397998 -0.923880 -0.000000 0.382683 
0.429289 0.500000 0.430441 -0.707107 -0.000000 0.707107 
polygon
0.407612 0.500000 0.397998 -0.923880 -0.000000 0.382683 
0.419990 0.453806 0.397998 -0.800103 -0.461940 0.382683 
0.429289 0.500000 0.430441 -0.707107 -0.000000 0.707107 
polygon
0.429289 0.500000 0.430441 -0.707107 -0.000000 0.707107 
0.419990 0.453806 0.397998 -0.800103 -0.461940 0.382683 
0.450000 0.450000 0.430441 -0.500000 -0.500000 0.707107 
polygon
0.419990 0.453806 0.397998 -0.800103 -0.461940 0.382683 
0.453806 0.419990 0.397998 -0.461940 -0.800103 0.382683 
0.450000 0.450000 0.430441 -0.500000 -0.500000 0.707107 
polygon
0.450000 0.450000 0.430441 -0.500000 -0.500000 0.707107 
0.453806 0.419990 0.397998 -0.461940 -0.800103 0.382683 
0.500000 0.429289 0.430441 0.000000 -0.707107 0.707107 
polygon
0.453806 0.419990 0.397998 -0.461940 -0.800103 0.382683 
0.500000 0.407612 0.397998 0.000000 -0.923880 0.382683 
0.500000 0.429289 0.430441 0.000000 -0.707107 0.707107 
polygon
0.500000 0.407612 0.397998 0.000000 -0.923880 0.382683 
0.546194 0.419990 0.397998 0.461940 -0.800103 0.382683 
0.500000 0.429289 0.430441 0.000000 -0.707107 0.707107 
polygon
0.500000 0.429289 0.430441 0.000000 -0.707107 0.707107 
0.546194 0.419990 0.397998 0.461940 -0.800103 0.382683 
0.550000 0.450000 0.430441 0.500000 -0.500000 0.707107 
polygon
0.546194 0.419990 0.397998 0.461940 -0.800103 0.382683 
0.580010 0.453806 0.397998 0.800103 -0.461940 0.382683 
0.550000 0.450000 0.430441 0.500000 -0.500000 0.707107 
polygon
0.550000 0.450000 0.430441 0.500000 -0.500000 0.707107 
0.580010 0.453806 0.397998 0.800103 -0.461940 0.382683 
0.570711 0.500000 0.430441 0.707107 0.000000 0.707107 
polygon
0.580010 0.453806 0.397998 0.800103 -0.461940 0.382683 
0.592388 0.500000 0.397998 0.923880 0.000000 0.382683 
0.570711 0.500000 0.430441 0.707107 0.000000 0.707107 
polygon
0.600000 0.500000 0.359730 1.000000 0.000000 -0.000000 
0.592388 0.538268 0.359730 0.923880 0.382683 -0.000000 
0.592388 0.500000 0.397998 0.923880 0.000000 0.382683 
polygon
0.592388 0.500000 0.397998 0.923880 0.000000 0.382683 
0.592388 0.538268 0.359730 0.923880 0.382683 -0.000000 
0.580010 0.546194 0.397998 0.800103 0.461940 0.382683 
polygon
0.592388 0.538268 0.359730 0.923880 0.382683 -0.000000 
0.570711 0.570711 0.359730 0.707107 0.707107 -0.000000 
0.580010 0.546194 0.397998 0.800103 0.461940 0.382683 
polygon
0.580010 0.546194 0.397998 0.800103 0.461940 0.382683 
0.570711 0.570711 0.359730 0.707107 0.707107 -0.000000 
0.546194 0.580010 0.397998 0.461940 0.800103 0.382683 
polygon
0.570711 0.570711 0.359730 0.707107 0.707107 -0.000000 
0.538268 0.592388 0.359730 0.382683 0.923880 -0.000000 
0.546194 0.580010 0.397998 0.461940 0.800103 0.382683 
polygon
0.546194 0.580010 0.397998 0.461940 0.800103 0.382683 
0.538268 0.592388 0.359730 0.382683 0.923880 -0.000000 
0.500000 0.592388 0.397998 -0.000000 0.923880 0.382683 
polygon
0.538268 0.592388 0.359730 0.382683 0.923880 -0.000000 
0.500000 0.600000 0.359730 -0.000000 1.000000 -0.000000 
0.500000 0.592388 0.397998 -0.000000 0.923880 0.382683 
polygon
0.500000 0.600000 0.359730 -0.000000 1.000000 -0.000000 
0.461732 0.592388 0.359730 -0.382684 0.923879 -0.000000 
0.500000 0.592388 0.397998 -0.000000 0.923880 0.382683 
polygon
0.500000 0.592388 0.397998 -0.000000 0.923880 0.382683 
0.461732 0.592388 0.359730 -0.382684 0.923879 -0.000000 
0.453806 0.580010 0.397998 -0.461940 0.800103 0.382683 
polygon
0.461732 0.592388 0.359730 -0.382684 0.923879 -0.000000 
0.429289 0.570711 0.359730 -0.707107 0.707107 -0.000000 
0.453806 0.580010 0.397998 -0.461940 0.800103 0.382683 
polygon
0.453806 0.580010 0.397998 -0.461940 0.800103 0.382683 
0.429289 0.570711 0.359730 -0.707107 0.707107 -0.000000 
0.419990 0.546194 0.397998 -0.800103 0.461940 0.382683 
polygon
0.429289 0.570711 0.359730 -0.707107 0.707107 -0.000000 
0.407612 0.538268 0.359730 -0.923880 0.382683 -0.000000 
0.419990 0.546194 0.397998 -0.800103 0.461940 0.382683 
polygon
0.419990 0.546194 0.397998 -0.800103 0.461940 0.382683 
0.407612 0.538268 0.359730 -0.923880 0.382683 -0.000000 
0.407612 0.500000 0.397998 -0.923880 -0.000000 0.382683 
polygon
0.407612 0.538268 0.359730 -0.923880 0.382683 -0.000000 
0.400000 0.500000 0.359730 -1.000000 -0.000000 -0.000000 
0.407612 0.500000 0.397998 -0.923880 -0.000000 0.382683 
polygon
0.400000 0.500000 0.359730 -1.000000 -0.000000 -0.000000 
0.407612 0.461732 0.359730 -0.923880 -0.382683 -0.000000 
0.407612 0.500000 0.397998 -0.923880 -0.000000 0.382683 
polygon
0.407612 0.500000 0.397998 -0.923880 -0.000000 0.382683 
0.407612 0.461732 0.359730 -0.923880 -0.382683 -0.000000 
0.419990 0.453806 0.397998 -0.800103 -0.461940 0.382683 
polygon
0.407612 0.461732 0.359730 -0.923880 -0.382683 -0.000000 
0.429289 0.429289 0.359730 -0.707107 -0.707107 -0.000000 
0.419990 0.453806 0.397998 -0.800103 -0.461940 0.382683 
polygon
0.419990 0.453806 0.397998 -0.800103 -0.461940 0.382683 
0.429289 0.429289 0.359730 -0.707107 -0.707107 -0.000000 
0.453806 0.419990 0.397998 -0.461940 -0.800103 0.382683 
polygon
0.429289 0.429289 0.359730 -0.707107 -0.707107 -0.000000 
0.461732 0.407612 0.359730 -0.382683 -0.923880 -0.000000 
0.453806 0.419990 0.397998 -0.461940 -0.800103 0.382683 
polygon
0.453806 0.419990 0.397998 -0.461940 -0.800103 0.382683 
0.461732 0.407612 0.359730 -0.382683 -0.923880 -0.000000 
0.500000 0.407612 0.397998 0.000000 -0.923880 0.382683 
polygon
0.461732 0.407612 0.359730 -0.382683 -0.923880 -0.000000 
0.500000 0.400000 0.359730 0.000000 -1.000000 -0.000000 
0.500000 0.407612 0.397998 0.000000 -0.923880 0.382683 
polygon
0.500000 0.400000 0.359730 0.000000 -1.000000 -0.000000 
0.538268 0.407612 0.359730 0.382684 -0.923879 -0.000000 
0.500000 0.407612 0.397998 0.000000 -0.923880 0.382683 
polygon
0.500000 0.407612 0.397998 0.000000 -0.923880 0.382683 
0.538268 0.407612 0.359730 0.382684 -0.923879 -0.000000 
0.546194 0.419990 0.397998 0.461940 -0.800103 0.382683 
polygon
0.538268 0.407612 0.359730 0.382684 -0.923879 -0.000000 
0.570711 0.429289 0.359730 0.707107 -0.707107 -0.000000 
0.546194 0.419990 0.397998 0.461940 -0.800103 0.382683 
polygon
0.546194 0.419990 0.397998 0.461940 -0.800103 0.382683 
0.570711 0.429289 0.359730 0.707107 -0.707107 -0.000000 
0.580010 0.453806 0.397998 0.800103 -0.461940 0.382683 
polygon
0.570711 0.429289 0.359730 0.707107 -0.707107 -0.000000 
0.592388 0.461732 0.359730 0.923880 -0.382683 -0.000000 
0.580010 0.453806 0.397998 0.800103 -0.461940 0.382683 
polygon
0.580010 0.453806 0.397998 0.800103 -0.461940 0.382683 
0.592388 0.461732 0.359730 0.923880 -0.382683 -0.000000 
0.592388 0.500000 0.397998 0.923880 0.000000 0.382683 
polygon
0.592388 0.461732 0.359730 0.923880 -0.382683 -0.000000 
0.600000 0.500000 0.359730 1.000000 0.000000 -0.000000 
0.592388 0.500000 0.397998 0.923880 0.000000 0.382683 
polygon
0.500000 0.500000 0.259730 -0.000000 -0.000000 -1.000000 
0.500000 0.538268 0.267342 -0.000000 0.382683 -0.923880 
0.538268 0.500000 0.267342 0.382683 0.000000 -0.923880 
polygon
0.500000 0.500000 0.259730 -0.000000 -0.000000 -1.000000 
0.461732 0.500000 0.267342 -0.382683 -0.000000 -0.923880 
0.500000 0.538268 0.267342 -0.000000 0.382683 -0.923880 
polygon
0.500000 0.500000 0.259730 -0.000000 -0.000000 -1.000000 
0.500000 0.461732 0.267342 0.000000 -0.382683 -0.923880 
0.461732 0.500000 0.267342 -0.382683 -0.000000 -0.923880 
polygon
0.500000 0.500000 0.259730 -0.000000 -0.000000 -1.000000 
0.538268 0.500000 0.267342 0.382683 0.000000 -0.923880 
0.500000 0.461732 0.267342 0.000000 -0.382683 -0.923880 
polygon
0.538268 0.500000 0.267342 0.382683 0.000000 -0.923880 
0.550000 0.550000 0.289019 0.500000 0.500000 -0.707107 
0.570711 0.500000 0.289019 0.707107 0.000000 -0.707107 
polygon
0.500000 0.538268 0.267342 -0.000000 0.382683 -0.923880 
0.550000 0.550000 0.289019 0.500000 0.500000 -0.707107 
0.538268 0.500000 0.267342 0.382683 0.000000 -0.923880 
polygon
0.500000 0.538268 0.267342 -0.000000 0.382683 -0.923880 
0.500000 0.570711 0.289019 -0.000000 0.707107 -0.707107 
0.550000 0.550000 0.289019 0.500000 0.500000 -0.707107 
polygon
0.500000 0.538268 0.267342 -0.000000 0.382683 -0.923880 
0.450000 0.550000 0.289019 -0.500000 0.500000 -0.707107 
0.500000 0.570711 0.289019 -0.000000 0.707107 -0.707107 
polygon
0.461732 0.500000 0.267342 -0.382683 -0.000000 -0.923880 
0.450000 0.550000 0.289019 -0.500000 0.500000 -0.707107 
0.500000 0.538268 0.267342 -0.000000 0.382683 -0.923880 
polygon
0.461732 0.500000 0.267342 -0.382683 -0.000000 -0.923880 
0.429289 0.500000 0.289019 -0.707107 -0.000000 -0.707107 
0.450000 0.550000 0.289019 -0.500000 0.500000 -0.707107 
polygon
0.461732 0.500000 0.267342 -0.382683 -0.000000 -0.923880 
0.450000 0.450000 0.289019 -0.500000 -0.500000 -0.707107 
0.429289 0.500000 0.289019 -0.707107 -0.000000 -0.707107 
polygon
0.500000 0.461732 0.267342 0.000000 -0.382683 -0.923880 
0.450000 0.450000 0.289019 -0.500000 -0.500000 -0.707107 
0.461732 0.500000 0.267342 -0.382683 -0.000000 -0.923880 
polygon
0.500000 0.461732 0.267342 0.000000 -0.382683 -0.923880 
0.500000 0.429289 0.289019 0.000000 -0.707107 -0.707107 
0.450000 0.450000 0.289019 -0.500000 -0.500000 -0.707107 
polygon
0.500000 0.461732 0.267342 0.000000 -0.382683 -0.923880 
0.550000 0.450000 0.289019 0.500000 -0.500000 -0.707107 
0.500000 0.429289 0.289019 0.000000 -0.707107 -0.707107 
polygon
0.538268 0.500000 0.267342 0.382683 0.000000 -0.923880 
0.550000 0.450000 0.289019 0.500000 -0.500000 -0.707107 
0.500000 0.461732 0.267342 0.000000 -0.382683 -0.923880 
polygon
0.538268 0.500000 0.267342 0.382683 0.000000 -0.923880 
0.570711 0.500000 0.289019 0.707107 0.000000 -0.707107 
0.550000 0.450000 0.289019 0.500000 -0.500000 -0.707107 
polygon
0.570711 0.500000 0.289019 0.707107 0.000000 -0.707107 
0.580010 0.546194 0.321462 0.800103 0.461940 -0.382684 
0.592388 0.500000 0.321462 0.923879 0.000000 -0.382684 
polygon
0.550000 0.550000 0.289019 0.500000 0.500000 -0.707107 
0.580010 0.546194 0.321462 0.800103 0.461940 -0.382684 
0.570711 0.500000 0.289019 0.707107 0.000000 -0.707107 
polygon
0.550000 0.550000 0.289019 0.500000 0.500000 -0.707107 
0.546194 0.580010 0.321462 0.461940 0.800103 -0.382684 
0.580010 0.546194 0.321462 0.800103 0.461940 -0.382684 
polygon
0.500000 0.570711 0.289019 -0.000000 0.707107 -0.707107 
0.546194 0.580010 0.321462 0.461940 0.800103 -0.382684 
0.550000 0.550000 0.289019 0.500000 0.500000 -0.707107 
polygon
0.500000 0.570711 0.289019 -0.000000 0.707107 -0.707107 
0.500000 0.592388 0.321462 -0.000000 0.923879 -0.382684 
0.546194 0.580010 0.321462 0.461940 0.800103 -0.382684 
polygon
0.500000 0.570711 0.289019 -0.000000 0.707107 -0.707107 
0.453806 0.580010 0.321462 -0.461940 0.800103 -0.382684 
0.500000 0.592388 0.321462 -0.000000 0.923879 -0.382684 
polygon
0.450000 0.550000 0.289019 -0.500000 0.500000 -0.707107 
0.453806 0.580010 0.321462 -0.461940 0.800103 -0.382684 
0.500000 0.570711 0.289019 -0.000000 0.707107 -0.707107 
polygon
0.450000 0.550000 0.289019 -0.500000 0.500000 -0.707107 
0.419990 0.546194 0.321462 -0.800103 0.461940 -0.382684 
0.453806 0.580010 0.321462 -0.461940 0.800103 -0.382684 
polygon
0.429289 0.500000 0.289019 -0.707107 -0.000000 -0.707107 
0.419990 0.546194 0.321462 -0.800103 0.461940 -0.382684 
0.450000 0.550000 0.289019 -0.500000 0.500000 -0.707107 
polygon
0.429289 0.500000 0.289019 -0.707107 -0.000000 -0.707107 
0.407612 0.500000 0.321462 -0.923879 -0.000000 -0.382684 
0.419990 0.546194 0.321462 -0.800103 0.461940 -0.382684 
polygon
0.429289 0.500000 0.289019 -0.707107 -0.000000 -0.707107 
0.419990 0.453806 0.321462 -0.800103 -0.461940 -0.382684 
0.407612 0.500000 0.321462 -0.923879 -0.000000 -0.382684 
polygon
0.450000 0.450000 0.289019 -0.500000 -0.500000 -0.707107 
0.419990 0.453806 0.321462 -0.800103 -0.461940 -0.382684 
0.429289 0.500000 0.289019 -0.707107 -0.000000 -0.707107 
polygon
0.450000 0.450000 0.289019 -0.500000 -0.500000 -0.707107 
0.453806 0.419990 0.321462 -0.461940 -0.800103 -0.382684 
0.419990 0.453806 0.321462 -0.800103 -0.461940 -0.382684 
polygon
0.500000 0.429289 0.289019 0.000000 -0.707107 -0.707107 
0.453806 0.419990 0.321462 -0.461940 -0.800103 -0.382684 
0.450000 0.450000 0.289019 -0.500000 -0.500000 -0.707107 
polygon
0.500000 0.429289 0.289019 0.000000 -0.707107 -0.707107 
0.500000 0.407612 0.321462 0.000000 -0.923879 -0.382684 
0.453806 0.419990 0.321462 -0.461940 -0.800103 -0.382684 
polygon
0.500000 0.429289 0.289019 0.000000 -0.707107 -0.707107 
0.546194 0.419990 0.321462 0.461940 -0.800103 -0.382684 
0.500000 0.407612 0.321462 0.000000 -0.923879 -0.382684 
polygon
0.550000 0.450000 0.289019 0.500000 -0.500000 -0.707107 
0.546194 0.419990 0.321462 0.461940 -0.800103 -0.382684 
0.500000 0.429289 0.289019 0.000000 -0.707107 -0.707107 
polygon
0.550000 0.450000 0.289019 0.500000 -0.500000 -0.707107 
0.580010 0.453806 0.321462 0.800103 -0.461940 -0.382684 
0.546194 0.419990 0.321462 0.461940 -0.800103 -0.382684 
polygon
0.570711 0.500000 0.289019 0.707107 0.000000 -0.707107 
0.580010 0.453806 0.321462 0.800103 -0.461940 -0.382684 
0.550000 0.450000 0.289019 0.500000 -0.500000 -0.707107 
polygon
0.570711 0.500000 0.289019 0.707107 0.000000 -0.707107 
0.592388 0.500000 0.321462 0.923879 0.000000 -0.382684 
0.580010 0.453806 0.321462 0.800103 -0.461940 -0.382684 
polygon
0.592388 0.500000 0.321462 0.923879 0.000000 -0.382684 
0.592388 0.538268 0.359730 0.923880 0.382683 -0.000000 
0.600000 0.500000 0.359730 1.000000 0.000000 -0.000000 
polygon
0.580010 0.546194 0.321462 0.800103 0.461940 -0.382684 
0.592388 0.538268 0.359730 0.923880 0.382683 -0.000000 
0.592388 0.500000 0.321462 0.923879 0.000000 -0.382684 
polygon
0.580010 0.546194 0.321462 0.800103 0.461940 -0.382684 
0.570711 0.570711 0.359730 0.707107 0.707107 -0.000000 
0.592388 0.538268 0.359730 0.923880 0.382683 -0.000000 
polygon
0.546194 0.580010 0.321462 0.461940 0.800103 -0.382684 
0.570711 0.570711 0.359730 0.707107 0.707107 -0.000000 
0.580010 0.546194 0.321462 0.800103 0.461940 -0.382684 
polygon
0.546194 0.580010 0.321462 0.461940 0.800103 -0.382684 
0.538268 0.592388 0.359730 0.382683 0.923880 -0.000000 
0.570711 0.570711 0.359730 0.707107 0.707107 -0.000000 
polygon
0.500000 0.592388 0.321462 -0.000000 0.923879 -0.382684 
0.538268 0.592388 0.359730 0.382683 0.923880 -0.000000 
0.546194 0.580010 0.321462 0.461940 0.800103 -0.382684 
polygon
0.500000 0.592388 0.321462 -0.000000 0.923879 -0.382684 
0.500000 0.600000 0.359730 -0.000000 1.000000 -0.000000 
0.538268 0.592388 0.359730 0.382683 0.923880 -0.000000 
polygon
0.500000 0.592388 0.321462 -0.000000 0.923879 -0.382684 
0.461732 0.592388 0.359730 -0.382684 0.923879 -0.000000 
0.500000 0.600000 0.359730 -0.000000 1.000000 -0.000000 
polygon
0.453806 0.580010 0.321462 -0.461940 0.800103 -0.382684 
0.461732 0.592388 0.359730 -0.382684 0.923879 -0.000000 
0.500000 0.592388 0.321462 -0.000000 0.923879 -0.382684 
polygon
0.453806 0.580010 0.321462 -0.461940 0.800103 -0.382684 
0.429289 0.570711 0.359730 -0.707107 0.707107 -0.000000 
0.461732 0.592388 0.359730 -0.382684 0.923879 -0.000000 
polygon
0.419990 0.546194 0.321462 -0.800103 0.461940 -0.382684 
0.429289 0.570711 0.359730 -0.707107 0.707107 -0.000000 
0.453806 0.580010 0.321462 -0.461940 0.800103 -0.382684 
polygon
0.419990 0.546194 0.321462 -0.800103 0.461940 -0.382684 
0.407612 0.538268 0.359730 -0.923880 0.382683 -0.000000 
0.429289 0.570711 0.359730 -0.707107 0.707107 -0.000000 
polygon
0.407612 0.500000 0.321462 -0.923879 -0.000000 -0.382684 
0.407612 0.538268 0.359730 -0.923880 0.382683 -0.000000 
0.419990 0.546194 0.321462 -0.800103 0.461940 -0.382684 
polygon
0.407612 0.500000 0.321462 -0.923879 -0.000000 -0.382684 
0.400000 0.500000 0.359730 -1.000000 -0.000000 -0.000000 
0.407612 0.538268 0.359730 -0.923880 0.382683 -0.000000 
polygon
0.407612 0.500000 0.321462 -0.923879 -0.000000 -0.382684 
0.407612 0.461732 0.359730 -0.923880 -0.382683 -0.000000 
0.400000 0.500000 0.359730 -1.000000 -0.000000 -0.000000 
polygon
0.419990 0.453806 0.321462 -0.800103 -0.461940 -0.382684 
0.407612 0.461732 0.359730 -0.923880 -0.382683 -0.000000 
0.407612 0.500000 0.321462 -0.923879 -0.000000 -0.382684 
polygon
0.419990 0.453806 0.321462 -0.800103 -0.461940 -0.382684 
0.429289 0.429289 0.359730 -0.707107 -0.707107 -0.000000 
0.407612 0.461732 0.359730 -0.923880 -0.382683 -0.000000 
polygon
0.453806 0.419990 0.321462 -0.461940 -0.800103 -0.382684 
0.429289 0.429289 0.359730 -0.707107 -0.707107 -0.000000 
0.419990 0.453806 0.321462 -0.800103 -0.461940 -0.382684 
polygon
0.453806 0.419990 0.321462 -0.461940 -0.800103 -0.382684 
0.461732 0.407612 0.359730 -0.382683 -0.923880 -0.000000 
0.429289 0.429289 0.359730 -0.707107 -0.707107 -0.000000 
polygon
0.500000 0.407612 0.321462 0.000000 -0.923879 -0.382684 
0.461732 0.407612 0.359730 -0.382683 -0.923880 -0.000000 
0.453806 0.419990 0.321462 -0.461940 -0.800103 -0.382684 
polygon
0.500000 0.407612 0.321462 0.000000 -0.923879 -0.382684 
0.500000 0.400000 0.359730 0.000000 -1.000000 -0.000000 
0.461732 0.407612 0.359730 -0.382683 -0.923880 -0.000000 
polygon
0.500000 0.407612 0.321462 0.000000 -0.923879 -0.382684 
0.538268 0.407612 0.359730 0.382684 -0.923879 -0.000000 
0.500000 0.400000 0.359730 0.000000 -1.000000 -0.000000 
polygon
0.546194 0.419990 0.321462 0.461940 -0.800103 -0.382684 
0.538268 0.407612 0.359730 0.382684 -0.923879 -0.000000 
0.500000 0.407612 0.321462 0.000000 -0.923879 -0.382684 
polygon
0.546194 0.419990 0.321462 0.461940 -0.800103 -0.382684 
0.570711 0.429289 0.359730 0.707107 -0.707107 -0.000000 
0.538268 0.407612 0.359730 0.382684 -0.923879 -0.000000 
polygon
0.580010 0.453806 0.321462 0.800103 -0.461940 -0.382684 
0.570711 0.429289 0.359730 0.707107 -0.707107 -0.000000 
0.546194 0.419990 0.321462 0.461940 -0.800103 -0.382684 
polygon
0.580010 0.453806 0.321462 0.800103 -0.461940 -0.382684 
0.592388 0.461732 0.359730 0.923880 -0.382683 -0.000000 
0.570711 0.429289 0.359730 0.707107 -0.707107 -0.000000 
polygon
0.592388 0.500000 0.321462 0.923879 0.000000 -0.382684 
0.592388 0.461732 0.359730 0.923880 -0.382683 -0.000000 
0.580010 0.453806 0.321462 0.800103 -0.461940 -0.382684 
polygon
0.592388 0.500000 0.321462 0.923879 0.000000 -0.382684 
0.600000 0.500000 0.359730 1.000000 0.000000 -0.000000 
0.592388 0.461732 0.359730 0.923880 -0.382683 -0.000000 
# savg-sphere: requested 128 polygons, providing 128 
polygon
0.038268 0.000000 0.092388 0.382683 0.000000 0.923880 
0.000000 0.038268 0.092388 -0.000000 0.382683 0.923880 
0.000000 0.000000 0.100000 0.000000 0.000000 1.000000 
polygon
0.000000 0.038268 0.092388 -0.000000 0.382683 0.923880 
-0.038268 0.000000 0.092388 -0.382683 -0.000000 0.923880 
0.000000 0.000000 0.100000 0.000000 0.000000 1.000000 
polygon
-0.038268 0.000000 0.092388 -0.382683 -0.000000 0.923880 
0.000000 -0.038268 0.092388 0.000000 -0.382683 0.923880 
0.000000 0.000000 0.100000 0.000000 0.000000 1.000000 
polygon
0.000000 -0.038268 0.092388 0.000000 -0.382683 0.923880 
0.038268 0.000000 0.092388 0.382683 0.000000 0.923880 
0.000000 0.000000 0.100000 0.000000 0.000000 1.000000 
polygon
0.070711 0.000000 0.070711 0.707107 0.000000 0.707107 
0.050000 0.050000 0.070711 0.500000 0.500000 0.707107 
0.038268 0.000000 0.092388 0.382683 0.000000 0.923880 
polygon
0.038268 0.000000 0.092388 0.382683 0.000000 0.923880 
0.050000 0.050000 0.070711 0.500000 0.500000 0.707107 
0.000000 0.038268 0.092388 -0.000000 0.382683 0.923880 
polygon
0.050000 0.050000 0.070711 0.500000 0.500000 0.707107 
0.000000 0.070711 0.070711 -0.000000 0.707107 0.707107 
0.000000 0.038268 0.092388 -0.000000 0.382683 0.923880 
polygon
0.000000 0.070711 0.070711 -0.000000 0.707107 0.707107 
-0.050000 0.050000 0.070711 -0.500000 0.500000 0.707107 
0.000000 0.038268 0.092388 -0.000000 0.382683 0.923880 
polygon
0.000000 0.038268 0.092388 -0.000000 0.382683 0.923880 
-0.050000 0.050000 0.070711 -0.500000 0.500000 0.707107 
-0.038268 0.000000 0.092388 -0.382683 -0.000000 0.923880 
polygon
-0.050000 0.050000 0.070711 -0.500000 0.500000 0.707107 
-0.070711 0.000000 0.070711 -0.707107 -0.000000 0.707107 
-0.038268 0.000000 0.092388 -0.382683 -0.000000 0.923880 
polygon
-0.070711 0.000000 0.070711 -0.707107 -0.000000 0.707107 
-0.050000 -0.050000 0.070711 -0.500000 -0.500000 0.707107 
-0.038268 0.000000 0.092388 -0.382683 -0.000000 0.923880 
polygon
-0.038268 0.000000 0.092388 -0.382683 -0.000000 0.923880 
-0.050000 -0.050000 0.070711 -0.500000 -0.500000 0.707107 
0.000000 -0.038268 0.092388 0.000000 -0.382683 0.923880 
polygon
-0.050000 -0.050000 0.070711 -0.500000 -0.500000 0.707107 
0.000000 -0.070711 0.070711 0.000000 -0.707107 0.707107 
0.000000 -0.038268 0.092388 0.000000 -0.382683 0.923880 
polygon
0.000000 -0.070711 0.070711 0.000000 -0.707107 0.707107 
0.050000 -0.050000 0.070711 0.500000 -0.500000 0.707107 
0.000000 -0.038268 0.092388 0.000000 -0.382683 0.923880 
polygon
0.000000 -0.038268 0.092388 0.000000 -0.382683 0.923880 
0.050000 -0.050000 0.070711 0.500000 -0.500000 0.707107 
0.038268 0.000000 0.092388 0.382683 0.000000 0.923880 
polygon
0.050000 -0.050000 0.070711 0.500000 -0.500000 0.707107 
0.070711 0.000000 0.070711 0.707107 0.000000 0.707107 
0.038268 0.000000 0.092388 0.382683 0.000000 0.923880 
polygon
0.092388 0.000000 0.038268 0.923880 0.000000 0.382683 
0.080010 0.046194 0.038268 0.800103 0.461940 0.382683 
0.070711 0.000000 0.070711 0.707107 0.000000 0.707107 
polygon
0.070711 0.000000 0.070711 0.707107 0.000000 0.707107 
0.080010 0.046194 0.038268 0.800103 0.461940 0.382683 
0.050000 0.050000 0.070711 0.500000 0.500000 0.707107 
polygon
0.080010 0.046194 0.038268 0.800103 0.461940 0.382683 
0.046194 0.080010 0.038268 0.461940 0.800103 0.382683 
0.050000 0.050000 0.070711 0.500000 0.500000 0.707107 
polygon
0.050000 0.050000 0.070711 0.500000 0.500000 0.707107 
0.046194 0.080010 0.038268 0.461940 0.800103 0.382683 
0.000000 0.070711 0.070711 -0.000000 0.707107 0.707107 
polygon
0.046194 0.080010 0.038268 0.461940 0.800103 0.382683 
0.000000 0.092388 0.038268 -0.000000 0.923880 0.382683 
0.000000 0.070711 0.070711 -0.000000 0.707107 0.707107 
polygon
0.000000 0.092388 0.038268 -0.000000 0.923880 0.382683 
-0.046194 0.080010 0.038268 -0.461940 0.800103 0.382683 
0.000000 0.070711 0.070711 -0.000000 0.707107 0.707107 
polygon
0.000000 0.070711 0.070711 -0.000000 0.707107 0.707107 
-0.046194 0.080010 0.038268 -0.461940 0.800103 0.382683 
-0.050000 0.050000 0.070711 -0.500000 0.500000 0.707107 
polygon
-0.046194 0.080010 0.038268 -0.461940 0.800103 0.382683 
-0.080010 0.046194 0.038268 -0.800103 0.461940 0.382683 
-0.050000 0.050000 0.070711 -0.500000 0.500000 0.707107 
polygon
-0.050000 0.050000 0.070711 -0.500000 0.500000 0.707107 
-0.080010 0.046194 0.038268 -0.800103 0.461940 0.382683 
-0.070711 0.000000 0.070711 -0.707107 -0.000000 0.707107 
polygon
-0.080010 0.046194 0.038268 -0.800103 0.461940 0.382683 
-0.092388 0.000000 0.038268 -0.923880 -0.000000 0.382683 
-0.070711 0.000000 0.070711 -0.707107 -0.000000 0.707107 
polygon
-0.092388 0.000000 0.038268 -0.923880 -0.000000 0.382683 
-0.080010 -0.046194 0.038268 -0.800103 -0.461940 0.382683 
-0.070711 0.000000 0.070711 -0.707107 -0.000000 0.707107 
polygon
-0.070711 0.000000 0.070711 -0.707107 -0.000000 0.707107 
-0.080010 -0.046194 0.038268 -0.800103 -0.461940 0.382683 
-0.050000 -0.050000 0.070711 -0.500000 -0.500000 0.707107 
polygon
-0.080010 -0.046194 0.038268 -0.800103 -0.461940 0.382683 
-0.046194 -0.080010 0.038268 -0.461940 -0.800103 0.382683 
-0.050000 -0.050000 0.070711 -0.500000 -0.500000 0.707107 
polygon
-0.050000 -0.050000 0.070711 -0.500000 -0.500000 0.707107 
-0.046194 -0.080010 0.038268 -0.461940 -0.800103 0.382683 
0.000000 -0.070711 0.070711 0.000000 -0.707107 0.707107 
polygon
-0.046194 -0.080010 0.038268 -0.461940 -0.800103 0.382683 
0.000000 -0.092388 0.038268 0.000000 -0.923880 0.382683 
0.000000 -0.070711 0.070711 0.000000 -0.707107 0.707107 
polygon
0.000000 -0.092388 0.038268 0.000000 -0.923880 0.382683 
0.046194 -0.080010 0.038268 0.461940 -0.800103 0.382683 
0.000000 -0.070711 0.070711 0.000000 -0.707107 0.707107 
polygon
0.000000 -0.070711 0.070711 0.000000 -0.707107 0.707107 
0.046194 -0.080010 0.038268 0.461940 -0.800103 0.382683 
0.050000 -0.050000 0.070711 0.500000 -0.500000 0.707107 
polygon
0.046194 -0.080010 0.038268 0.461940 -0.800103 0.382683 
0.080010 -0.046194 0.038268 0.800103 -0.461940 0.382683 
0.050000 -0.050000 0.070711 0.500000 -0.500000 0.707107 
polygon
0.050000 -0.050000 0.070711 0.500000 -0.500000 0.707107 
0.080010 -0.046194 0.038268 0.800103 -0.461940 0.382683 
0.070711 0.000000 0.070711 0.707107 0.000000 0.707107 
polygon
0.080010 -0.046194 0.038268 0.800103 -0.461940 0.382683 
0.092388 0.000000 0.038268 0.923880 0.000000 0.382683 
0.070711 0.000000 0.070711 0.707107 0.000000 0.707107 
polygon
0.100000 0.000000 0.000000 1.000000 0.000000 -0.000000 
0.092388 0.038268 0.000000 0.923880 0.382683 -0.000000 
0.092388 0.000000 0.038268 0.923880 0.000000 0.382683 
polygon
0.092388 0.000000 0.038268 0.923880 0.000000 0.382683 
0.092388 0.038268 0.000000 0.923880 0.382683 -0.000000 
0.080010 0.046194 0.038268 0.800103 0.461940 0.382683 
polygon
0.092388 0.038268 0.000000 0.923880 0.382683 -0.000000 
0.070711 0.070711 0.000000 0.707107 0.707107 -0.000000 
0.080010 0.046194 0.038268 0.800103 0.461940 0.382683 
polygon
0.080010 0.046194 0.038268 0.800103 0.461940 0.382683 
0.070711 0.070711 0.000000 0.707107 0.707107 -0.000000 
0.046194 0.080010 0.038268 0.461940 0.800103 0.382683 
polygon
0.070711 0.070711 0.000000 0.707107 0.707107 -0.000000 
0.038268 0.092388 0.000000 0.382683 0.923880 -0.000000 
0.046194 0.080010 0.038268 0.461940 0.800103 0.382683 
polygon
0.046194 0.080010 0.038268 0.461940 0.800103 0.382683 
0.038268 0.092388 0.000000 0.382683 0.923880 -0.000000 
0.000000 0.092388 0.038268 -0.000000 0.923880 0.382683 
polygon
0.038268 0.092388 0.000000 0.382683 0.923880 -0.000000 
0.000000 0.100000 0.000000 -0.000000 1.000000 -0.000000 
0.000000 0.092388 0.038268 -0.000000 0.923880 0.382683 
polygon
0.000000 0.100000 0.000000 -0.000000 1.000000 -0.000000 
-0.038268 0.092388 0.000000 -0.382684 0.923879 -0.000000 
0.000000 0.092388 0.038268 -0.000000 0.923880 0.382683 
polygon
0.000000 0.092388 0.038268 -0.000000 0.923880 0.382683 
-0.038268 0.092388 0.000000 -0.382684 0.923879 -0.000000 
-0.046194 0.080010 0.038268 -0.461940 0.800103 0.382683 
polygon
-0.038268 0.092388 0.000000 -0.382684 0.923879 -0.000000 
-0.070711 0.070711 0.000000 -0.707107 0.707107 -0.000000 
-0.046194 0.080010 0.038268 -0.461940 0.800103 0.382683 
polygon
-0.046194 0.080010 0.038268 -0.461940 0.800103 0.382683 
-0.070711 0.070711 0.000000 -0.707107 0.707107 -0.000000 
-0.080010 0.046194 0.038268 -0.800103 0.461940 0.382683 
polygon
-0.070711 0.070711 0.000000 -0.707107 0.707107 -0.000000 
-0.092388 0.038268 0.000000 -0.923880 0.382683 -0.000000 
-0.080010 0.046194 0.038268 -0.800103 0.461940 0.382683 
polygon
-0.080010 0.046194 0.038268 -0.800103 0.461940 0.382683 
-0.092388 0.038268 0.000000 -0.923880 0.382683 -0.000000 
-0.092388 0.000000 0.038268 -0.923880 -0.000000 0.382683 
polygon
-0.092388 0.038268 0.000000 -0.923880 0.382683 -0.000000 
-0.100000 0.000000 0.000000 -1.000000 -0.000000 -0.000000 
-0.092388 0.000000 0.038268 -0.923880 -0.000000 0.382683 
polygon
-0.100000 0.000000 0.000000 -1.000000 -0.000000 -0.000000 
-0.092388 -0.038268 0.000000 -0.923880 -0.382683 -0.000000 
-0.092388 0.000000 0.038268 -0.923880 -0.000000 0.382683 
polygon
-0.092388 0.000000 0.038268 -0.923880 -0.000000 0.382683 
-0.092388 -0.038268 0.000000 -0.923880 -0.382683 -0.000000 
-0.080010 -0.046194 0.038268 -0.800103 -0.461940 0.382683 
polygon
-0.092388 -0.038268 0.000000 -0.923880 -0.382683 -0.000000 
-0.070711 -0.070711 0.000000 -0.707107 -0.707107 -0.000000 
-0.080010 -0.046194 0.038268 -0.800103 -0.461940 0.382683 
polygon
-0.080010 -0.046194 0.038268 -0.800103 -0.461940 0.382683 
-0.070711 -0.070711 0.000000 -0.707107 -0.707107 -0.000000 
-0.046194 -0.080010 0.038268 -0.461940 -0.800103 0.382683 
polygon
-0.070711 -0.070711 0.000000 -0.707107 -0.707107 -0.000000 
-0.038268 -0.092388 0.000000 -0.382683 -0.923880 -0.000000 
-0.046194 -0.080010 0.038268 -0.461940 -0.800103 0.382683 
polygon
-0.046194 -0.080010 0.038268 -0.461940 -0.800103 0.382683 
-0.038268 -0.092388 0.000000 -0.382683 -0.923880 -0.000000 
0.000000 -0.092388 0.038268 0.000000 -0.923880 0.382683 
polygon
-0.038268 -0.092388 0.000000 -0.382683 -0.923880 -0.000000 
0.000000 -0.100000 0.000000 0.000000 -1.000000 -0.000000 
0.000000 -0.092388 0.038268 0.000000 -0.923880 0.382683 
polygon
0.000000 -0.100000 0.000000 0.000000 -1.000000 -0.000000 
0.038268 -0.092388 0.000000 0.382684 -0.923879 -0.000000 
0.000000 -0.092388 0.038268 0.000000 -0.923880 0.382683 
polygon
0.000000 -0.092388 0.038268 0.000000 -0.923880 0.382683 
0.038268 -0.092388 0.000000 0.382684 -0.923879 -0.000000 
0.046194 -0.080010 0.038268 0.461940 -0.800103 0.382683 
polygon
0.038268 -0.092388 0.000000 0.382684 -0.923879 -0.000000 
0.070711 -0.070711 0.000000 0.707107 -0.707107 -0.000000 
0.046194 -0.080010 0.038268 0.461940 -0.800103 0.382683 
polygon
0.046194 -0.080010 0.038268 0.461940 -0.800103 0.382683 
0.070711 -0.070711 0.000000 0.707107 -0.707107 -0.000000 
0.080010 -0.046194 0.038268 0.800103 -0.461940 0.382683 
polygon
0.070711 -0.070711 0.000000 0.707107 -0.707107 -0.000000 
0.092388 -0.038268 0.000000 0.923880 -0.382683 -0.000000 
0.080010 -0.046194 0.038268 0.800103 -0.461940 0.382683 
polygon
0.080010 -0.046194 0.038268 0.800103 -0.461940 0.382683 
0.092388 -0.038268 0.000000 0.923880 -0.382683 -0.000000 
0.092388 0.000000 0.038268 0.923880 0.000000 0.382683 
polygon
0.092388 -0.038268 0.000000 0.923880 -0.382683 -0.000000 
0.100000 0.000000 0.000000 1.000000 0.000000 -0.000000 
0.092388 0.000000 0.038268 0.923880 0.000000 0.382683 
polygon
0.000000 0.000000 -0.100000 -0.000000 -0.000000 -1.000000 
0.000000 0.038268 -0.092388 -0.000000 0.382683 -0.923880 
0.038268 0.000000 -0.092388 0.382683 0.000000 -0.923880 
polygon
0.000000 0.000000 -0.100000 -0.000000 -0.000000 -1.000000 
-0.038268 0.000000 -0.092388 -0.382683 -0.000000 -0.923880 
0.000000 0.038268 -0.092388 -0.000000 0.382683 -0.923880 
polygon
0.000000 0.000000 -0.100000 -0.000000 -0.000000 -1.000000 
0.000000 -0.038268 -0.092388 0.000000 -0.382683 -0.923880 
-0.038268 0.000000 -0.092388 -0.382683 -0.000000 -0.923880 
polygon
0.000000 0.000000 -0.100000 -0.000000 -0.000000 -1.000000 
0.038268 0.000000 -0.092388 0.382683 0.000000 -0.923880 
0.000000 -0.038268 -0.092388 0.000000 -0.382683 -0.923880 
polygon
0.038268 0.000000 -0.092388 0.382683 0.000000 -0.923880 
0.050000 0.050000 -0.070711 0.500000 0.500000 -0.707107 
0.070711 0.000000 -0.070711 0.707107 0.000000 -0.707107 
polygon
0.000000 0.038268 -0.092388 -0.000000 0.382683 -0.923880 
0.050000 0.050000 -0.070711 0.500000 0.500000 -0.707107 
0.038268 0.000000 -0.092388 0.382683 0.000000 -0.923880 
polygon
0.000000 0.038268 -0.092388 -0.000000 0.382683 -0.923880 
0.000000 0.070711 -0.070711 -0.000000 0.707107 -0.707107 
0.050000 0.050000 -0.070711 0.500000 0.500000 -0.707107 
polygon
0.000000 0.038268 -0.092388 -0.000000 0.382683 -0.923880 
-0.050000 0.050000 -0.070711 -0.500000 0.500000 -0.707107 
0.000000 0.070711 -0.070711 -0.000000 0.707107 -0.707107 
polygon
-0.038268 0.000000 -0.092388 -0.382683 -0.000000 -0.923880 
-0.050000 0.050000 -0.070711 -0.500000 0.500000 -0.707107 
0.000000 0.038268 -0.092388 -0.000000 0.382683 -0.923880 
polygon
-0.038268 0.000000 -0.092388 -0.382683 -0.000000 -0.923880 
-0.070711 0.000000 -0.070711 -0.707107 -0.000000 -0.707107 
-0.050000 0.050000 -0.070711 -0.500000 0.500000 -0.707107 
polygon
-0.038268 0.000000 -0.092388 -0.382683 -0.000000 -0.923880 
-0.050000 -0.050000 -0.070711 -0.500000 -0.500000 -0.707107 
-0.070711 0.000000 -0.070711 -0.707107 -0.000000 -0.707107 
polygon
0.000000 -0.038268 -0.092388 0.000000 -0.382683 -0.923880 
-0.050000 -0.050000 -0.070711 -0.500000 -0.500000 -0.707107 
-0.038268 0.000000 -0.092388 -0.382683 -0.000000 -0.923880 
polygon
0.000000 -0.038268 -0.092388 0.000000 -0.382683 -0.923880 
0.000000 -0.070711 -0.070711 0.000000 -0.707107 -0.707107 
-0.050000 -0.050000 -0.070711 -0.500000 -0.500000 -0.707107 
polygon
0.000000 -0.038268 -0.092388 0.000000 -0.382683 -0.923880 
0.050000 -0.050000 -0.070711 0.500000 -0.500000 -0.707107 
0.000000 -0.070711 -0.070711 0.000000 -0.707107 -0.707107 
polygon
0.038268 0.000000 -0.092388 0.382683 0.000000 -0.923880 
0.050000 -0.050000 -0.070711 0.500000 -0.500000 -0.707107 
0.000000 -0.038268 -0.092388 0.000000 -0.382683 -0.923880 
polygon
0.038268 0.000000 -0.092388 0.382683 0.000000 -0.923880 
0.070711 0.000000 -0.070711 0.707107 0.000000 -0.707107 
0.050000 -0.050000 -0.070711 0.500000 -0.500000 -0.707107 
polygon
0.070711 0.000000 -0.070711 0.707107 0.000000 -0.707107 
0.080010 0.046194 -0.038268 0.800103 0.461940 -0.382684 
0.092388 0.000000 -0.038268 0.923879 0.000000 -0.382684 
polygon
0.050000 0.050000 -0.070711 0.500000 0.500000 -0.707107 
0.080010 0.046194 -0.038268 0.800103 0.461940 -0.382684 
0.070711 0.000000 -0.070711 0.707107 0.000000 -0.707107 
polygon
0.050000 0.050000 -0.070711 0.500000 0.500000 -0.707107 
0.046194 0.080010 -0.038268 0.461940 0.800103 -0.382684 
0.080010 0.046194 -0.038268 0.800103 0.461940 -0.382684 
polygon
0.000000 0.070711 -0.070711 -0.000000 0.707107 -0.707107 
0.046194 0.080010 -0.038268 0.461940 0.800103 -0.382684 
0.050000 0.050000 -0.070711 0.500000 0.500000 -0.707107 
polygon
0.000000 0.070711 -0.070711 -0.000000 0.707107 -0.707107 
0.000000 0.092388 -0.038268 -0.000000 0.923879 -0.382684 
0.046194 0.080010 -0.038268 0.461940 0.800103 -0.382684 
polygon
0.000000 0.070711 -0.070711 -0.000000 0.707107 -0.707107 
-0.046194 0.080010 -0.038268 -0.461940 0.800103 -0.382684 
0.000000 0.092388 -0.038268 -0.000000 0.923879 -0.382684 
polygon
-0.050000 0.050000 -0.070711 -0.500000 0.500000 -0.707107 
-0.046194 0.080010 -0.038268 -0.461940 0.800103 -0.382684 
0.000000 0.070711 -0.070711 -0.000000 0.707107 -0.707107 
polygon
-0.050000 0.050000 -0.070711 -0.500000 0.500000 -0.707107 
-0.080010 0.046194 -0.038268 -0.800103 0.461940 -0.382684 
-0.046194 0.080010 -0.038268 -0.461940 0.800103 -0.382684 
polygon
-0.070711 0.000000 -0.070711 -0.707107 -0.000000 -0.707107 
-0.080010 0.046194 -0.038268 -0.800103 0.461940 -0.382684 
-0.050000 0.050000 -0.070711 -0.500000 0.500000 -0.707107 
polygon
-0.070711 0.000000 -0.070711 -0.707107 -0.000000 -0.707107 
-0.092388 0.000000 -0.038268 -0.923879 -0.000000 -0.382684 
-0.080010 0.046194 -0.038268 -0.800103 0.461940 -0.382684 
polygon
-0.070711 0.000000 -0.070711 -0.707107 -0.000000 -0.707107 
-0.080010 -0.046194 -0.038268 -0.800103 -0.461940 -0.382684 
-0.092388 0.000000 -0.038268 -0.923879 -0.000000 -0.382684 
polygon
-0.050000 -0.050000 -0.070711 -0.500000 -0.500000 -0.707107 
-0.080010 -0.046194 -0.038268 -0.800103 -0.461940 -0.382684 
-0.070711 0.000000 -0.070711 -0.707107 -0.000000 -0.707107 
polygon
-0.050000 -0.050000 -0.070711 -0.500000 -0.500000 -0.707107 
-0.046194 -0.080010 -0.038268 -0.461940 -0.800103 -0.382684 
-0.080010 -0.046194 -0.038268 -0.800103 -0.461940 -0.382684 
polygon
0.000000 -0.070711 -0.070711 0.000000 -0.707107 -0.707107 
-0.046194 -0.080010 -0.038268 -0.461940 -0.800103 -0.382684 
-0.050000 -0.050000 -0.070711 -0.500000 -0.500000 -0.707107 
polygon
0.000000 -0.070711 -0.070711 0.000000 -0.707107 -0.707107 
0.000000 -0.092388 -0.038268 0.000000 -0.923879 -0.382684 
