# savg-sphere: requested 128 polygons, providing 128 
polygon
0.507654 0.500000 0.378208 0.848000 0.999000 0.777000 1.000000 0.382683 0.000000 0.923880 
0.500000 0.507654 0.378208 0.848000 0.999000 0.777000 1.000000 -0.000000 0.382683 0.923880 
0.500000 0.500000 0.379730 0.848000 0.999000 0.777000 1.000000 0.000000 0.000000 1.000000 
polygon
0.500000 0.507654 0.378208 0.848000 0.999000 0.777000 1.000000 -0.000000 0.382683 0.923880 
0.492346 0.500000 0.378208 0.848000 0.999000 0.777000 1.000000 -0.382683 -0.000000 0.923880 
0.500000 0.500000 0.379730 0.848000 0.999000 0.777000 1.000000 0.000000 0.000000 1.000000 
polygon
0.492346 0.500000 0.378208 0.848000 0.999000 0.777000 1.000000 -0.382683 -0.000000 0.923880 
0.500000 0.492346 0.378208 0.848000 0.999000 0.777000 1.000000 0.000000 -0.382683 0.923880 
0.500000 0.500000 0.379730 0.848000 0.999000 0.777000 1.000000 0.000000 0.000000 1.000000 
polygon
0.500000 0.492346 0.378208 0.848000 0.999000 0.777000 1.000000 0.000000 -0.382683 0.923880 
0.507654 0.500000 0.378208 0.848000 0.999000 0.777000 1.000000 0.382683 0.000000 0.923880 
0.500000 0.500000 0.379730 0.848000 0.999000 0.777000 1.000000 0.000000 0.000000 1.000000 
polygon
0.514142 0.500000 0.373872 0.848000 0.999000 0.777000 1.000000 0.707107 0.000000 0.707107 
0.510000 0.510000 0.373872 0.848000 0.999000 0.777000 1.000000 0.500000 0.500000 0.707107 
0.507654 0.500000 0.378208 0.848000 0.999000 0.777000 1.000000 0.382683 0.000000 0.923880 
polygon
0.507654 0.500000 0.378208 0.848000 0.999000 0.777000 1.000000 0.382683 0.000000 0.923880 
0.510000 0.510000 0.373872 0.848000 0.999000 0.777000 1.000000 0.500000 0.500000 0.707107 
0.500000 0.507654 0.378208 0.848000 0.999000 0.777000 1.000000 -0.000000 0.382683 0.923880 
polygon
0.510000 0.510000 0.373872 0.848000 0.999000 0.777000 1.000000 0.500000 0.500000 0.707107 
0.500000 0.514142 0.373872 0.848000 0.999000 0.777000 1.000000 -0.000000 0.707107 0.707107 
0.500000 0.507654 0.378208 0.848000 0.999000 0.777000 1.000000 -0.000000 0.382683 0.923880 
polygon
0.500000 0.514142 0.373872 0.848000 0.999000 0.777000 1.000000 -0.000000 0.707107 0.707107 
0.490000 0.510000 0.373872 0.848000 0.999000 0.777000 1.000000 -0.500000 0.500000 0.707107 
0.500000 0.507654 0.378208 0.848000 0.999000 0.777000 1.000000 -0.000000 0.382683 0.923880 
polygon
0.500000 0.507654 0.378208 0.848000 0.999000 0.777000 1.000000 -0.000000 0.382683 0.923880 
0.490000 0.510000 0.373872 0.848000 0.999000 0.777000 1.000000 -0.500000 0.500000 0.707107 
0.492346 0.500000 0.378208 0.848000 0.999000 0.777000 1.000000 -0.382683 -0.000000 0.923880 
polygon
0.490000 0.510000 0.373872 0.848000 0.999000 0.777000 1.000000 -0.500000 0.500000 0.707107 
0.485858 0.500000 0.373872 0.848000 0.999000 0.777000 1.000000 -0.707107 -0.000000 0.707107 
0.492346 0.500000 0.378208 0.848000 0.999000 0.777000 1.000000 -0.382683 -0.000000 0.923880 
polygon
0.485858 0.500000 0.373872 0.848000 0.999000 0.777000 1.000000 -0.707107 -0.000000 0.707107 
0.490000 0.490000 0.373872 0.848000 0.999000 0.777000 1.000000 -0.500000 -0.500000 0.707107 
0.492346 0.500000 0.378208 0.848000 0.999000 0.777000 1.000000 -0.382683 -0.000000 0.923880 
polygon
0.492346 0.500000 0.378208 0.848000 0.999000 0.777000 1.000000 -0.382683 -0.000000 0.923880 
0.490000 0.490000 0.373872 0.848000 0.999000 0.777000 1.000000 -0.500000 -0.500000 0.707107 
0.500000 0.492346 0.378208 0.848000 0.999000 0.777000 1.000000 0.000000 -0.382683 0.923880 
polygon
0.490000 0.490000 0.373872 0.848000 0.999000 0.777000 1.000000 -0.500000 -0.500000 0.707107 
0.500000 0.485858 0.373872 0.848000 0.999000 0.777000 1.000000 0.000000 -0.707107 0.707107 
0.500000 0.492346 0.378208 0.848000 0.999000 0.777000 1.000000 0.000000 -0.382683 0.923880 
polygon
0.500000 0.485858 0.373872 0.848000 0.999000 0.777000 1.000000 0.000000 -0.707107 0.707107 
0.510000 0.490000 0.373872 0.848000 0.999000 0.777000 1.000000 0.500000 -0.500000 0.707107 
0.500000 0.492346 0.378208 0.848000 0.999000 0.777000 1.000000 0.000000 -0.382683 0.923880 
polygon
0.500000 0.492346 0.378208 0.848000 0.999000 0.777000 1.000000 0.000000 -0.382683 0.923880 
0.510000 0.490000 0.373872 0.848000 0.999000 0.777000 1.000000 0.500000 -0.500000 0.707107 
0.507654 0.500000 0.378208 0.848000 0.999000 0.777000 1.000000 0.382683 0.000000 0.923880 
polygon
0.510000 0.490000 0.373872 0.848000 0.999000 0.777000 1.000000 0.500000 -0.500000 0.707107 
0.514142 0.500000 0.373872 0.848000 0.999000 0.777000 1.000000 0.707107 0.000000 0.707107 
0.507654 0.500000 0.378208 0.848000 0.999000 0.777000 1.000000 0.382683 0.000000 0.923880 
polygon
0.518478 0.500000 0.367384 0.848000 0.999000 0.777000 1.000000 0.923880 0.000000 0.382683 
0.516002 0.509239 0.367384 0.848000 0.999000 0.777000 1.000000 0.800103 0.461940 0.382683 
0.514142 0.500000 0.373872 0.848000 0.999000 0.777000 1.000000 0.707107 0.000000 0.707107 
polygon
0.514142 0.500000 0.373872 0.848000 0.999000 0.777000 1.000000 0.707107 0.000000 0.707107 
0.516002 0.509239 0.367384 0.848000 0.999000 0.777000 1.000000 0.800103 0.461940 0.382683 
0.510000 0.510000 0.373872 0.848000 0.999000 0.777000 1.000000 0.500000 0.500000 0.707107 
polygon
0.516002 0.509239 0.367384 0.848000 0.999000 0.777000 1.000000 0.800103 0.461940 0.382683 
0.509239 0.516002 0.367384 0.848000 0.999000 0.777000 1.000000 0.461940 0.800103 0.382683 
0.510000 0.510000 0.373872 0.848000 0.999000 0.777000 1.000000 0.500000 0.500000 0.707107 
polygon
0.510000 0.510000 0.373872 0.848000 0.999000 0.777000 1.000000 0.500000 0.500000 0.707107 
0.509239 0.516002 0.367384 0.848000 0.999000 0.777000 1.000000 0.461940 0.800103 0.382683 
0.500000 0.514142 0.373872 0.848000 0.999000 0.777000 1.000000 -0.000000 0.707107 0.707107 
polygon
0.509239 0.516002 0.367384 0.848000 0.999000 0.777000 1.000000 0.461940 0.800103 0.382683 
0.500000 0.518478 0.367384 0.848000 0.999000 0.777000 1.000000 -0.000000 0.923880 0.382683 
0.500000 0.514142 0.373872 0.848000 0.999000 0.777000 1.000000 -0.000000 0.707107 0.707107 
polygon
0.500000 0.518478 0.367384 0.848000 0.999000 0.777000 1.000000 -0.000000 0.923880 0.382683 
0.490761 0.516002 0.367384 0.848000 0.999000 0.777000 1.000000 -0.461940 0.800103 0.382683 
0.500000 0.514142 0.373872 0.848000 0.999000 0.777000 1.000000 -0.000000 0.707107 0.707107 
polygon
0.500000 0.514142 0.373872 0.848000 0.999000 0.777000 1.000000 -0.000000 0.707107 0.707107 
0.490761 0.516002 0.367384 0.848000 0.999000 0.777000 1.000000 -0.461940 0.800103 0.382683 
0.490000 0.510000 0.373872 0.848000 0.999000 0.777000 1.000000 -0.500000 0.500000 0.707107 
polygon
0.490761 0.516002 0.367384 0.848000 0.999000 0.777000 1.000000 -0.461940 0.800103 0.382683 
0.483998 0.509239 0.367384 0.848000 0.999000 0.777000 1.000000 -0.800103 0.461940 0.382683 
0.490000 0.510000 0.373872 0.848000 0.999000 0.777000 1.000000 -0.500000 0.500000 0.707107 
polygon
0.490000 0.510000 0.373872 0.848000 0.999000 0.777000 1.000000 -0.500000 0.500000 0.707107 
0.483998 0.509239 0.367384 0.848000 0.999000 0.777000 1.000000 -0.800103 0.461940 0.382683 
0.485858 0.500000 0.373872 0.848000 0.999000 0.777000 1.000000 -0.707107 -0.000000 0.707107 
polygon
0.483998 0.509239 0.367384 0.848000 0.999000 0.777000 1.000000 -0.800103 0.461940 0.382683 
0.481522 0.500000 0.367384 0.848000 0.999000 0.777000 1.000000 -0.923880 -0.000000 0.382683 
0.485858 0.500000 0.373872 0.848000 0.999000 0.777000 1.000000 -0.707107 -0.000000 0.707107 
polygon
0.481522 0.500000 0.367384 0.848000 0.999000 0.777000 1.000000 -0.923880 -0.000000 0.382683 
0.483998 0.490761 0.367384 0.848000 0.999000 0.777000 1.000000 -0.800103 -0.461940 0.382683 
0.485858 0.500000 0.373872 0.848000 0.999000 0.777000 1.000000 -0.707107 -0.000000 0.707107 
polygon
0.485858 0.500000 0.373872 0.848000 0.999000 0.777000 1.000000 -0.707107 -0.000000 0.707107 
0.483998 0.490761 0.367384 0.848000 0.999000 0.777000 1.000000 -0.800103 -0.461940 0.382683 
0.490000 0.490000 0.373872 0.848000 0.999000 0.777000 1.000000 -0.500000 -0.500000 0.707107 
polygon
0.483998 0.490761 0.367384 0.848000 0.999000 0.777000 1.000000 -0.800103 -0.461940 0.382683 
0.490761 0.483998 0.367384 0.848000 0.999000 0.777000 1.000000 -0.461940 -0.800103 0.382683 
0.490000 0.490000 0.373872 0.848000 0.999000 0.777000 1.000000 -0.500000 -0.500000 0.707107 
polygon
0.490000 0.490000 0.373872 0.848000 0.999000 0.777000 1.000000 -0.500000 -0.500000 0.707107 
0.490761 0.483998 0.367384 0.848000 0.999000 0.777000 1.000000 -0.461940 -0.800103 0.382683 
0.500000 0.485858 0.373872 0.848000 0.999000 0.777000 1.000000 0.000000 -0.707107 0.707107 
polygon
0.490761 0.483998 0.367384 0.848000 0.999000 0.777000 1.000000 -0.461940 -0.800103 0.382683 
0.500000 0.481522 0.367384 0.848000 0.999000 0.777000 1.000000 0.000000 -0.923880 0.382683 
0.500000 0.485858 0.373872 0.848000 0.999000 0.777000 1.000000 0.000000 -0.707107 0.707107 
polygon
0.500000 0.481522 0.367384 0.848000 0.999000 0.777000 1.000000 0.000000 -0.923880 0.382683 
0.509239 0.483998 0.367384 0.848000 0.999000 0.777000 1.000000 0.461940 -0.800103 0.382683 
0.500000 0.485858 0.373872 0.848000 0.999000 0.777000 1.000000 0.000000 -0.707107 0.707107 
polygon
0.500000 0.485858 0.373872 0.848000 0.999000 0.777000 1.000000 0.000000 -0.707107 0.707107 
0.509239 0.483998 0.367384 0.848000 0.999000 0.777000 1.000000 0.461940 -0.800103 0.382683 
0.510000 0.490000 0.373872 0.848000 0.999000 0.777000 1.000000 0.500000 -0.500000 0.707107 
polygon
0.509239 0.483998 0.367384 0.848000 0.999000 0.777000 1.000000 0.461940 -0.800103 0.382683 
0.516002 0.490761 0.367384 0.848000 0.999000 0.777000 1.000000 0.800103 -0.461940 0.382683 
0.510000 0.490000 0.373872 0.848000 0.999000 0.777000 1.000000 0.500000 -0.500000 0.707107 
polygon
0.510000 0.490000 0.373872 0.848000 0.999000 0.777000 1.000000 0.500000 -0.500000 0.707107 
0.516002 0.490761 0.367384 0.848000 0.999000 0.777000 1.000000 0.800103 -0.461940 0.382683 
0.514142 0.500000 0.373872 0.848000 0.999000 0.777000 1.000000 0.707107 0.000000 0.707107 
polygon
0.516002 0.490761 0.367384 0.848000 0.999000 0.777000 1.000000 0.800103 -0.461940 0.382683 
0.518478 0.500000 0.367384 0.848000 0.999000 0.777000 1.000000 0.923880 0.000000 0.382683 
0.514142 0.500000 0.373872 0.848000 0.999000 0.777000 1.000000 0.707107 0.000000 0.707107 
polygon
0.520000 0.500000 0.359730 0.848000 0.999000 0.777000 1.000000 1.000000 0.000000 -0.000000 
0.518478 0.507654 0.359730 0.848000 0.999000 0.777000 1.000000 0.923880 0.382683 -0.000000 
0.518478 0.500000 0.367384 0.848000 0.999000 0.777000 1.000000 0.923880 0.000000 0.382683 
polygon
0.518478 0.500000 0.367384 0.848000 0.999000 0.777000 1.000000 0.923880 0.000000 0.382683 
0.518478 0.507654 0.359730 0.848000 0.999000 0.777000 1.000000 0.923880 0.382683 -0.000000 
0.516002 0.509239 0.367384 0.848000 0.999000 0.777000 1.000000 0.800103 0.461940 0.382683 
polygon
0.518478 0.507654 0.359730 0.848000 0.999000 0.777000 1.000000 0.923880 0.382683 -0.000000 
0.514142 0.514142 0.359730 0.848000 0.999000 0.777000 1.000000 0.707107 0.707107 -0.000000 
0.516002 0.509239 0.367384 0.848000 0.999000 0.777000 1.000000 0.800103 0.461940 0.382683 
polygon
0.516002 0.509239 0.367384 0.848000 0.999000 0.777000 1.000000 0.800103 0.461940 0.382683 
0.514142 0.514142 0.359730 0.848000 0.999000 0.777000 1.000000 0.707107 0.707107 -0.000000 
0.509239 0.516002 0.367384 0.848000 0.999000 0.777000 1.000000 0.461940 0.800103 0.382683 
polygon
0.514142 0.514142 0.359730 0.848000 0.999000 0.777000 1.000000 0.707107 0.707107 -0.000000 
0.507654 0.518478 0.359730 0.848000 0.999000 0.777000 1.000000 0.382683 0.923880 -0.000000 
0.509239 0.516002 0.367384 0.848000 0.999000 0.777000 1.000000 0.461940 0.800103 0.382683 
polygon
0.509239 0.516002 0.367384 0.848000 0.999000 0.777000 1.000000 0.461940 0.800103 0.382683 
0.507654 0.518478 0.359730 0.848000 0.999000 0.777000 1.000000 0.382683 0.923880 -0.000000 
0.500000 0.518478 0.367384 0.848000 0.999000 0.777000 1.000000 -0.000000 0.923880 0.382683 
polygon
0.507654 0.518478 0.359730 0.848000 0.999000 0.777000 1.000000 0.382683 0.923880 -0.000000 
0.500000 0.520000 0.359730 0.848000 0.999000 0.777000 1.000000 -0.000000 1.000000 -0.000000 
0.500000 0.518478 0.367384 0.848000 0.999000 0.777000 1.000000 -0.000000 0.923880 0.382683 
polygon
0.500000 0.520000 0.359730 0.848000 0.999000 0.777000 1.000000 -0.000000 1.000000 -0.000000 
0.492346 0.518478 0.359730 0.848000 0.999000 0.777000 1.000000 -0.382684 0.923879 -0.000000 
0.500000 0.518478 0.367384 0.848000 0.999000 0.777000 1.000000 -0.000000 0.923880 0.382683 
polygon
0.500000 0.518478 0.367384 0.848000 0.999000 0.777000 1.000000 -0.000000 0.923880 0.382683 
0.492346 0.518478 0.359730 0.848000 0.999000 0.777000 1.000000 -0.382684 0.923879 -0.000000 
0.490761 0.516002 0.367384 0.848000 0.999000 0.777000 1.000000 -0.461940 0.800103 0.382683 
polygon
0.492346 0.518478 0.359730 0.848000 0.999000 0.777000 1.000000 -0.382684 0.923879 -0.000000 
0.485858 0.514142 0.359730 0.848000 0.999000 0.777000 1.000000 -0.707107 0.707107 -0.000000 
0.490761 0.516002 0.367384 0.848000 0.999000 0.777000 1.000000 -0.461940 0.800103 0.382683 
polygon
0.490761 0.516002 0.367384 0.848000 0.999000 0.777000 1.000000 -0.461940 0.800103 0.382683 
0.485858 0.514142 0.359730 0.848000 0.999000 0.777000 1.000000 -0.707107 0.707107 -0.000000 
0.483998 0.509239 0.367384 0.848000 0.999000 0.777000 1.000000 -0.800103 0.461940 0.382683 
polygon
0.485858 0.514142 0.359730 0.848000 0.999000 0.777000 1.000000 -0.707107 0.707107 -0.000000 
0.481522 0.507654 0.359730 0.848000 0.999000 0.777000 1.000000 -0.923880 0.382683 -0.000000 
0.483998 0.509239 0.367384 0.848000 0.999000 0.777000 1.000000 -0.800103 0.461940 0.382683 
polygon
0.483998 0.509239 0.367384 0.848000 0.999000 0.777000 1.000000 -0.800103 0.461940 0.382683 
0.481522 0.507654 0.359730 0.848000 0.999000 0.777000 1.000000 -0.923880 0.382683 -0.000000 
0.481522 0.500000 0.367384 0.848000 0.999000 0.777000 1.000000 -0.923880 -0.000000 0.382683 
polygon
0.481522 0.507654 0.359730 0.848000 0.999000 0.777000 1.000000 -0.923880 0.382683 -0.000000 
0.480000 0.500000 0.359730 0.848000 0.999000 0.777000 1.000000 -1.000000 -0.000000 -0.000000 
0.481522 0.500000 0.367384 0.848000 0.999000 0.777000 1.000000 -0.923880 -0.000000 0.382683 
polygon
0.480000 0.500000 0.359730 0.848000 0.999000 0.777000 1.000000 -1.000000 -0.000000 -0.000000 
0.481522 0.492346 0.359730 0.848000 0.999000 0.777000 1.000000 -0.923880 -0.382683 -0.000000 
0.481522 0.500000 0.367384 0.848000 0.999000 0.777000 1.000000 -0.923880 -0.000000 0.382683 
polygon
0.481522 0.500000 0.367384 0.848000 0.999000 0.777000 1.000000 -0.923880 -0.000000 0.382683 
0.481522 0.492346 0.359730 0.848000 0.999000 0.777000 1.000000 -0.923880 -0.382683 -0.000000 
0.483998 0.490761 0.367384 0.848000 0.999000 0.777000 1.000000 -0.800103 -0.461940 0.382683 
polygon
0.481522 0.492346 0.359730 0.848000 0.999000 0.777000 1.000000 -0.923880 -0.382683 -0.000000 
0.485858 0.485858 0.359730 0.848000 0.999000 0.777000 1.000000 -0.707107 -0.707107 -0.000000 
0.483998 0.490761 0.367384 0.848000 0.999000 0.777000 1.000000 -0.800103 -0.461940 0.382683 
polygon
0.483998 0.490761 0.367384 0.848000 0.999000 0.777000 1.000000 -0.800103 -0.461940 0.382683 
0.485858 0.485858 0.359730 0.848000 0.999000 0.777000 1.000000 -0.707107 -0.707107 -0.000000 
0.490761 0.483998 0.367384 0.848000 0.999000 0.777000 1.000000 -0.461940 -0.800103 0.382683 
polygon
0.485858 0.485858 0.359730 0.848000 0.999000 0.777000 1.000000 -0.707107 -0.707107 -0.000000 
0.492346 0.481522 0.359730 0.848000 0.999000 0.777000 1.000000 -0.382683 -0.923880 -0.000000 
0.490761 0.483998 0.367384 0.848000 0.999000 0.777000 1.000000 -0.461940 -0.800103 0.382683 
polygon
0.490761 0.483998 0.367384 0.848000 0.999000 0.777000 1.000000 -0.461940 -0.800103 0.382683 
0.492346 0.481522 0.359730 0.848000 0.999000 0.777000 1.000000 -0.382683 -0.923880 -0.000000 
0.500000 0.481522 0.367384 0.848000 0.999000 0.777000 1.000000 0.000000 -0.923880 0.382683 
polygon
0.492346 0.481522 0.359730 0.848000 0.999000 0.777000 1.000000 -0.382683 -0.923880 -0.000000 
0.500000 0.480000 0.359730 0.848000 0.999000 0.777000 1.000000 0.000000 -1.000000 -0.000000 
0.500000 0.481522 0.367384 0.848000 0.999000 0.777000 1.000000 0.000000 -0.923880 0.382683 
polygon
0.500000 0.480000 0.359730 0.848000 0.999000 0.777000 1.000000 0.000000 -1.000000 -0.000000 
0.507654 0.481522 0.359730 0.848000 0.999000 0.777000 1.000000 0.382684 -0.923879 -0.000000 
0.500000 0.481522 0.367384 0.848000 0.999000 0.777000 1.000000 0.000000 -0.923880 0.382683 
polygon
0.500000 0.481522 0.367384 0.848000 0.999000 0.777000 1.000000 0.000000 -0.923880 0.382683 
0.507654 0.481522 0.359730 0.848000 0.999000 0.777000 1.000000 0.382684 -0.923879 -0.000000 
0.509239 0.483998 0.367384 0.848000 0.999000 0.777000 1.000000 0.461940 -0.800103 0.382683 
polygon
0.507654 0.481522 0.359730 0.848000 0.999000 0.777000 1.000000 0.382684 -0.923879 -0.000000 
0.514142 0.485858 0.359730 0.848000 0.999000 0.777000 1.000000 0.707107 -0.707107 -0.000000 
0.509239 0.483998 0.367384 0.848000 0.999000 0.777000 1.000000 0.461940 -0.800103 0.382683 
polygon
0.509239 0.483998 0.367384 0.848000 0.999000 0.777000 1.000000 0.461940 -0.800103 0.382683 
0.514142 0.485858 0.359730 0.848000 0.999000 0.777000 1.000000 0.707107 -0.707107 -0.000000 
0.516002 0.490761 0.367384 0.848000 0.999000 0.777000 1.000000 0.800103 -0.461940 0.382683 
polygon
0.514142 0.485858 0.359730 0.848000 0.999000 0.777000 1.000000 0.707107 -0.707107 -0.000000 
0.518478 0.492346 0.359730 0.848000 0.999000 0.777000 1.000000 0.923880 -0.382683 -0.000000 
0.516002 0.490761 0.367384 0.848000 0.999000 0.777000 1.000000 0.800103 -0.461940 0.382683 
polygon
0.516002 0.490761 0.367384 0.848000 0.999000 0.777000 1.000000 0.800103 -0.461940 0.382683 
0.518478 0.492346 0.359730 0.848000 0.999000 0.777000 1.000000 0.923880 -0.382683 -0.000000 
0.518478 0.500000 0.367384 0.848000 0.999000 0.777000 1.000000 0.923880 0.000000 0.382683 
polygon
0.518478 0.492346 0.359730 0.848000 0.999000 0.777000 1.000000 0.923880 -0.382683 -0.000000 
0.520000 0.500000 0.359730 0.848000 0.999000 0.777000 1.000000 1.000000 0.000000 -0.000000 
0.518478 0.500000 0.367384 0.848000 0.999000 0.777000 1.000000 0.923880 0.000000 0.382683 
polygon
0.500000 0.500000 0.339730 0.848000 0.999000 0.777000 1.000000 -0.000000 -0.000000 -1.000000 
0.500000 0.507654 0.341252 0.848000 0.999000 0.777000 1.000000 -0.000000 0.382683 -0.923880 
0.507654 0.500000 0.341252 0.848000 0.999000 0.777000 1.000000 0.382683 0.000000 -0.923880 
polygon
0.500000 0.500000 0.339730 0.848000 0.999000 0.777000 1.000000 -0.000000 -0.000000 -1.000000 
0.492346 0.500000 0.341252 0.848000 0.999000 0.777000 1.000000 -0.382683 -0.000000 -0.923880 
0.500000 0.507654 0.341252 0.848000 0.999000 0.777000 1.000000 -0.000000 0.382683 -0.923880 
polygon
0.500000 0.500000 0.339730 0.848000 0.999000 0.777000 1.000000 -0.000000 -0.000000 -1.000000 
0.500000 0.492346 0.341252 0.848000 0.999000 0.777000 1.000000 0.000000 -0.382683 -0.923880 
0.492346 0.500000 0.341252 0.848000 0.999000 0.777000 1.000000 -0.382683 -0.000000 -0.923880 
polygon
0.500000 0.500000 0.339730 0.848000 0.999000 0.777000 1.000000 -0.000000 -0.000000 -1.000000 
0.507654 0.500000 0.341252 0.848000 0.999000 0.777000 1.000000 0.382683 0.000000 -0.923880 
0.500000 0.492346 0.341252 0.848000 0.999000 0.777000 1.000000 0.000000 -0.382683 -0.923880 
polygon
0.507654 0.500000 0.341252 0.848000 0.999000 0.777000 1.000000 0.382683 0.000000 -0.923880 
0.510000 0.510000 0.345588 0.848000 0.999000 0.777000 1.000000 0.500000 0.500000 -0.707107 
0.514142 0.500000 0.345588 0.848000 0.999000 0.777000 1.000000 0.707107 0.000000 -0.707107 
polygon
0.500000 0.507654 0.341252 0.848000 0.999000 0.777000 1.000000 -0.000000 0.382683 -0.923880 
0.510000 0.510000 0.345588 0.848000 0.999000 0.777000 1.000000 0.500000 0.500000 -0.707107 
0.507654 0.500000 0.341252 0.848000 0.999000 0.777000 1.000000 0.382683 0.000000 -0.923880 
polygon
0.500000 0.507654 0.341252 0.848000 0.999000 0.777000 1.000000 -0.000000 0.382683 -0.923880 
0.500000 0.514142 0.345588 0.848000 0.999000 0.777000 1.000000 -0.000000 0.707107 -0.707107 
0.510000 0.510000 0.345588 0.848000 0.999000 0.777000 1.000000 0.500000 0.500000 -0.707107 
polygon
0.500000 0.507654 0.341252 0.848000 0.999000 0.777000 1.000000 -0.000000 0.382683 -0.923880 
0.490000 0.510000 0.345588 0.848000 0.999000 0.777000 1.000000 -0.500000 0.500000 -0.707107 
0.500000 0.514142 0.345588 0.848000 0.999000 0.777000 1.000000 -0.000000 0.707107 -0.707107 
polygon
0.492346 0.500000 0.341252 0.848000 0.999000 0.777000 1.000000 -0.382683 -0.000000 -0.923880 
0.490000 0.510000 0.345588 0.848000 0.999000 0.777000 1.000000 -0.500000 0.500000 -0.707107 
0.500000 0.507654 0.341252 0.848000 0.999000 0.777000 1.000000 -0.000000 0.382683 -0.923880 
polygon
0.492346 0.500000 0.341252 0.848000 0.999000 0.777000 1.000000 -0.382683 -0.000000 -0.923880 
0.485858 0.500000 0.345588 0.848000 0.999000 0.777000 1.000000 -0.707107 -0.000000 -0.707107 
0.490000 0.510000 0.345588 0.848000 0.999000 0.777000 1.000000 -0.500000 0.500000 -0.707107 
polygon
0.492346 0.500000 0.341252 0.848000 0.999000 0.777000 1.000000 -0.382683 -0.000000 -0.923880 
0.490000 0.490000 0.345588 0.848000 0.999000 0.777000 1.000000 -0.500000 -0.500000 -0.707107 
0.485858 0.500000 0.345588 0.848000 0.999000 0.777000 1.000000 -0.707107 -0.000000 -0.707107 
polygon
0.500000 0.492346 0.341252 0.848000 0.999000 0.777000 1.000000 0.000000 -0.382683 -0.923880 
0.490000 0.490000 0.345588 0.848000 0.999000 0.777000 1.000000 -0.500000 -0.500000 -0.707107 
0.492346 0.500000 0.341252 0.848000 0.999000 0.777000 1.000000 -0.382683 -0.000000 -0.923880 
polygon
0.500000 0.492346 0.341252 0.848000 0.999000 0.777000 1.000000 0.000000 -0.382683 -0.923880 
0.500000 0.485858 0.345588 0.848000 0.999000 0.777000 1.000000 0.000000 -0.707107 -0.707107 
0.490000 0.490000 0.345588 0.848000 0.999000 0.777000 1.000000 -0.500000 -0.500000 -0.707107 
polygon
0.500000 0.492346 0.341252 0.848000 0.999000 0.777000 1.000000 0.000000 -0.382683 -0.923880 
0.510000 0.490000 0.345588 0.848000 0.999000 0.777000 1.000000 0.500000 -0.500000 -0.707107 
0.500000 0.485858 0.345588 0.848000 0.999000 0.777000 1.000000 0.000000 -0.707107 -0.707107 
polygon
0.507654 0.500000 0.341252 0.848000 0.999000 0.777000 1.000000 0.382683 0.000000 -0.923880 
0.510000 0.490000 0.345588 0.848000 0.999000 0.777000 1.000000 0.500000 -0.500000 -0.707107 
0.500000 0.492346 0.341252 0.848000 0.999000 0.777000 1.000000 0.000000 -0.382683 -0.923880 
polygon
0.507654 0.500000 0.341252 0.848000 0.999000 0.777000 1.000000 0.382683 0.000000 -0.923880 
0.514142 0.500000 0.345588 0.848000 0.999000 0.777000 1.000000 0.707107 0.000000 -0.707107 
0.510000 0.490000 0.345588 0.848000 0.999000 0.777000 1.000000 0.500000 -0.500000 -0.707107 
polygon
0.514142 0.500000 0.345588 0.848000 0.999000 0.777000 1.000000 0.707107 0.000000 -0.707107 
0.516002 0.509239 0.352076 0.848000 0.999000 0.777000 1.000000 0.800103 0.461940 -0.382684 
0.518478 0.500000 0.352076 0.848000 0.999000 0.777000 1.000000 0.923879 0.000000 -0.382684 
polygon
0.510000 0.510000 0.345588 0.848000 0.999000 0.777000 1.000000 0.500000 0.500000 -0.707107 
0.516002 0.509239 0.352076 0.848000 0.999000 0.777000 1.000000 0.800103 0.461940 -0.382684 
0.514142 0.500000 0.345588 0.848000 0.999000 0.777000 1.000000 0.707107 0.000000 -0.707107 
polygon
0.510000 0.510000 0.345588 0.848000 0.999000 0.777000 1.000000 0.500000 0.500000 -0.707107 
0.509239 0.516002 0.352076 0.848000 0.999000 0.777000 1.000000 0.461940 0.800103 -0.382684 
0.516002 0.509239 0.352076 0.848000 0.999000 0.777000 1.000000 0.800103 0.461940 -0.382684 
polygon
0.500000 0.514142 0.345588 0.848000 0.999000 0.777000 1.000000 -0.000000 0.707107 -0.707107 
0.509239 0.516002 0.352076 0.848000 0.999000 0.777000 1.000000 0.461940 0.800103 -0.382684 
0.510000 0.510000 0.345588 0.848000 0.999000 0.777000 1.000000 0.500000 0.500000 -0.707107 
polygon
0.500000 0.514142 0.345588 0.848000 0.999000 0.777000 1.000000 -0.000000 0.707107 -0.707107 
0.500000 0.518478 0.352076 0.848000 0.999000 0.777000 1.000000 -0.000000 0.923879 -0.382684 
0.509239 0.516002 0.352076 0.848000 0.999000 0.777000 1.000000 0.461940 0.800103 -0.382684 
polygon
0.500000 0.514142 0.345588 0.848000 0.999000 0.777000 1.000000 -0.000000 0.707107 -0.707107 
0.490761 0.516002 0.352076 0.848000 0.999000 0.777000 1.000000 -0.461940 0.800103 -0.382684 
0.500000 0.518478 0.352076 0.848000 0.999000 0.777000 1.000000 -0.000000 0.923879 -0.382684 
polygon
0.490000 0.510000 0.345588 0.848000 0.999000 0.777000 1.000000 -0.500000 0.500000 -0.707107 
0.490761 0.516002 0.352076 0.848000 0.999000 0.777000 1.000000 -0.461940 0.800103 -0.382684 
0.500000 0.514142 0.345588 0.848000 0.999000 0.777000 1.000000 -0.000000 0.707107 -0.707107 
polygon
0.490000 0.510000 0.345588 0.848000 0.999000 0.777000 1.000000 -0.500000 0.500000 -0.707107 
0.483998 0.509239 0.352076 0.848000 0.999000 0.777000 1.000000 -0.800103 0.461940 -0.382684 
0.490761 0.516002 0.352076 0.848000 0.999000 0.777000 1.000000 -0.461940 0.800103 -0.382684 
polygon
0.485858 0.500000 0.345588 0.848000 0.999000 0.777000 1.000000 -0.707107 -0.000000 -0.707107 
0.483998 0.509239 0.352076 0.848000 0.999000 0.777000 1.000000 -0.800103 0.461940 -0.382684 
0.490000 0.510000 0.345588 0.848000 0.999000 0.777000 1.000000 -0.500000 0.500000 -0.707107 
polygon
0.485858 0.500000 0.345588 0.848000 0.999000 0.777000 1.000000 -0.707107 -0.000000 -0.707107 
0.481522 0.500000 0.352076 0.848000 0.999000 0.777000 1.000000 -0.923879 -0.000000 -0.382684 
0.483998 0.509239 0.352076 0.848000 0.999000 0.777000 1.000000 -0.800103 0.461940 -0.382684 
polygon
0.485858 0.500000 0.345588 0.848000 0.999000 0.777000 1.000000 -0.707107 -0.000000 -0.707107 
0.483998 0.490761 0.352076 0.848000 0.999000 0.777000 1.000000 -0.800103 -0.461940 -0.382684 
0.481522 0.500000 0.352076 0.848000 0.999000 0.777000 1.000000 -0.923879 -0.000000 -0.382684 
polygon
0.490000 0.490000 0.345588 0.848000 0.999000 0.777000 1.000000 -0.500000 -0.500000 -0.707107 
0.483998 0.490761 0.352076 0.848000 0.999000 0.777000 1.000000 -0.800103 -0.461940 -0.382684 
0.485858 0.500000 0.345588 0.848000 0.999000 0.777000 1.000000 -0.707107 -0.000000 -0.707107 
polygon
0.490000 0.490000 0.345588 0.848000 0.999000 0.777000 1.000000 -0.500000 -0.500000 -0.707107 
0.490761 0.483998 0.352076 0.848000 0.999000 0.777000 1.000000 -0.461940 -0.800103 -0.382684 
0.483998 0.490761 0.352076 0.848000 0.999000 0.777000 1.000000 -0.800103 -0.461940 -0.382684 
polygon
0.500000 0.485858 0.345588 0.848000 0.999000 0.777000 1.000000 0.000000 -0.707107 -0.707107 
0.490761 0.483998 0.352076 0.848000 0.999000 0.777000 1.000000 -0.461940 -0.800103 -0.382684 
0.490000 0.490000 0.345588 0.848000 0.999000 0.777000 1.000000 -0.500000 -0.500000 -0.707107 
polygon
0.500000 0.485858 0.345588 0.848000 0.999000 0.777000 1.000000 0.000000 -0.707107 -0.707107 
0.500000 0.481522 0.352076 0.848000 0.999000 0.777000 1.000000 0.000000 -0.923879 -0.382684 
0.490761 0.483998 0.352076 0.848000 0.999000 0.777000 1.000000 -0.461940 -0.800103 -0.382684 
polygon
0.500000 0.485858 0.345588 0.848000 0.999000 0.777000 1.000000 0.000000 -0.707107 -0.707107 
0.509239 0.483998 0.352076 0.848000 0.999000 0.777000 1.000000 0.461940 -0.800103 -0.382684 
0.500000 0.481522 0.352076 0.848000 0.999000 0.777000 1.000000 0.000000 -0.923879 -0.382684 
polygon
0.510000 0.490000 0.345588 0.848000 0.999000 0.777000 1.000000 0.500000 -0.500000 -0.707107 
0.509239 0.483998 0.352076 0.848000 0.999000 0.777000 1.000000 0.461940 -0.800103 -0.382684 
0.500000 0.485858 0.345588 0.848000 0.999000 0.777000 1.000000 0.000000 -0.707107 -0.707107 
polygon
0.510000 0.490000 0.345588 0.848000 0.999000 0.777000 1.000000 0.500000 -0.500000 -0.707107 
0.516002 0.490761 0.352076 0.848000 0.999000 0.777000 1.000000 0.800103 -0.461940 -0.382684 
0.509239 0.483998 0.352076 0.848000 0.999000 0.777000 1.000000 0.461940 -0.800103 -0.382684 
polygon
0.514142 0.500000 0.345588 0.848000 0.999000 0.777000 1.000000 0.707107 0.000000 -0.707107 
0.516002 0.490761 0.352076 0.848000 0.999000 0.777000 1.000000 0.800103 -0.461940 -0.382684 
0.510000 0.490000 0.345588 0.848000 0.999000 0.777000 1.000000 0.500000 -0.500000 -0.707107 
polygon
0.514142 0.500000 0.345588 0.848000 0.999000 0.777000 1.000000 0.707107 0.000000 -0.707107 
0.518478 0.500000 0.352076 0.848000 0.999000 0.777000 1.000000 0.923879 0.000000 -0.382684 
0.516002 0.490761 0.352076 0.848000 0.999000 0.777000 1.000000 0.800103 -0.461940 -0.382684 
polygon
0.518478 0.500000 0.352076 0.848000 0.999000 0.777000 1.000000 0.923879 0.000000 -0.382684 
0.518478 0.507654 0.359730 0.848000 0.999000 0.777000 1.000000 0.923880 0.382683 -0.000000 
0.520000 0.500000 0.359730 0.848000 0.999000 0.777000 1.000000 1.000000 0.000000 -0.000000 
polygon
0.516002 0.509239 0.352076 0.848000 0.999000 0.777000 1.000000 0.800103 0.461940 -0.382684 
0.518478 0.507654 0.359730 0.848000 0.999000 0.777000 1.000000 0.923880 0.382683 -0.000000 
0.518478 0.500000 0.352076 0.848000 0.999000 0.777000 1.000000 0.923879 0.000000 -0.382684 
polygon
0.516002 0.509239 0.352076 0.848000 0.999000 0.777000 1.000000 0.800103 0.461940 -0.382684 
0.514142 0.514142 0.359730 0.848000 0.999000 0.777000 1.000000 0.707107 0.707107 -0.000000 
0.518478 0.507654 0.359730 0.848000 0.999000 0.777000 1.000000 0.923880 0.382683 -0.000000 
polygon
0.509239 0.516002 0.352076 0.848000 0.999000 0.777000 1.000000 0.461940 0.800103 -0.382684 
0.514142 0.514142 0.359730 0.848000 0.999000 0.777000 1.000000 0.707107 0.707107 -0.000000 
0.516002 0.509239 0.352076 0.848000 0.999000 0.777000 1.000000 0.800103 0.461940 -0.382684 
polygon
0.509239 0.516002 0.352076 0.848000 0.999000 0.777000 1.000000 0.461940 0.800103 -0.382684 
0.507654 0.518478 0.359730 0.848000 0.999000 0.777000 1.000000 0.382683 0.923880 -0.000000 
0.514142 0.514142 0.359730 0.848000 0.999000 0.777000 1.000000 0.707107 0.707107 -0.000000 
polygon
0.500000 0.518478 0.352076 0.848000 0.999000 0.777000 1.000000 -0.000000 0.923879 -0.382684 
0.507654 0.518478 0.359730 0.848000 0.999000 0.777000 1.000000 0.382683 0.923880 -0.000000 
0.509239 0.516002 0.352076 0.848000 0.999000 0.777000 1.000000 0.461940 0.800103 -0.382684 
polygon
0.500000 0.518478 0.352076 0.848000 0.999000 0.777000 1.000000 -0.000000 0.923879 -0.382684 
0.500000 0.520000 0.359730 0.848000 0.999000 0.777000 1.000000 -0.000000 1.000000 -0.000000 
0.507654 0.518478 0.359730 0.848000 0.999000 0.777000 1.000000 0.382683 0.923880 -0.000000 
polygon
0.500000 0.518478 0.352076 0.848000 0.999000 0.777000 1.000000 -0.000000 0.923879 -0.382684 
0.492346 0.518478 0.359730 0.848000 0.999000 0.777000 1.000000 -0.382684 0.923879 -0.000000 
0.500000 0.520000 0.359730 0.848000 0.999000 0.777000 1.000000 -0.000000 1.000000 -0.000000 
polygon
0.490761 0.516002 0.352076 0.848000 0.999000 0.777000 1.000000 -0.461940 0.800103 -0.382684 
0.492346 0.518478 0.359730 0.848000 0.999000 0.777000 1.000000 -0.382684 0.923879 -0.000000 
0.500000 0.518478 0.352076 0.848000 0.999000 0.777000 1.000000 -0.000000 0.923879 -0.382684 
polygon
0.490761 0.516002 0.352076 0.848000 0.999000 0.777000 1.000000 -0.461940 0.800103 -0.382684 
0.485858 0.514142 0.359730 0.848000 0.999000 0.777000 1.000000 -0.707107 0.707107 -0.000000 
0.492346 0.518478 0.359730 0.848000 0.999000 0.777000 1.000000 -0.382684 0.923879 -0.000000 
polygon
0.483998 0.509239 0.352076 0.848000 0.999000 0.777000 1.000000 -0.800103 0.461940 -0.382684 
0.485858 0.514142 0.359730 0.848000 0.999000 0.777000 1.000000 -0.707107 0.707107 -0.000000 
0.490761 0.516002 0.352076 0.848000 0.999000 0.777000 1.000000 -0.461940 0.800103 -0.382684 
polygon
0.483998 0.509239 0.352076 0.848000 0.999000 0.777000 1.000000 -0.800103 0.461940 -0.382684 
0.481522 0.507654 0.359730 0.848000 0.999000 0.777000 1.000000 -0.923880 0.382683 -0.000000 
0.485858 0.514142 0.359730 0.848000 0.999000 0.777000 1.000000 -0.707107 0.707107 -0.000000 
polygon
0.481522 0.500000 0.352076 0.848000 0.999000 0.777000 1.000000 -0.923879 -0.000000 -0.382684 
0.481522 0.507654 0.359730 0.848000 0.999000 0.777000 1.000000 -0.923880 0.382683 -0.000000 
0.483998 0.509239 0.352076 0.848000 0.999000 0.777000 1.000000 -0.800103 0.461940 -0.382684 
polygon
0.481522 0.500000 0.352076 0.848000 0.999000 0.777000 1.000000 -0.923879 -0.000000 -0.382684 
0.480000 0.500000 0.359730 0.848000 0.999000 0.777000 1.000000 -1.000000 -0.000000 -0.000000 
0.481522 0.507654 0.359730 0.848000 0.999000 0.777000 1.000000 -0.923880 0.382683 -0.000000 
polygon
0.481522 0.500000 0.352076 0.848000 0.999000 0.777000 1.000000 -0.923879 -0.000000 -0.382684 
0.481522 0.492346 0.359730 0.848000 0.999000 0.777000 1.000000 -0.923880 -0.382683 -0.000000 
0.480000 0.500000 0.359730 0.848000 0.999000 0.777000 1.000000 -1.000000 -0.000000 -0.000000 
polygon
0.483998 0.490761 0.352076 0.848000 0.999000 0.777000 1.000000 -0.800103 -0.461940 -0.382684 
0.481522 0.492346 0.359730 0.848000 0.999000 0.777000 1.000000 -0.923880 -0.382683 -0.000000 
0.481522 0.500000 0.352076 0.848000 0.999000 0.777000 1.000000 -0.923879 -0.000000 -0.382684 
polygon
0.483998 0.490761 0.352076 0.848000 0.999000 0.777000 1.000000 -0.800103 -0.461940 -0.382684 
0.485858 0.485858 0.359730 0.848000 0.999000 0.777000 1.000000 -0.707107 -0.707107 -0.000000 
0.481522 0.492346 0.359730 0.848000 0.999000 0.777000 1.000000 -0.923880 -0.382683 -0.000000 
polygon
0.490761 0.483998 0.352076 0.848000 0.999000 0.777000 1.000000 -0.461940 -0.800103 -0.382684 
0.485858 0.485858 0.359730 0.848000 0.999000 0.777000 1.000000 -0.707107 -0.707107 -0.000000 
0.483998 0.490761 0.352076 0.848000 0.999000 0.777000 1.000000 -0.800103 -0.461940 -0.382684 
polygon
0.490761 0.483998 0.352076 0.848000 0.999000 0.777000 1.000000 -0.461940 -0.800103 -0.382684 
0.492346 0.481522 0.359730 0.848000 0.999000 0.777000 1.000000 -0.382683 -0.923880 -0.000000 
0.485858 0.485858 0.359730 0.848000 0.999000 0.777000 1.000000 -0.707107 -0.707107 -0.000000 
polygon
0.500000 0.481522 0.352076 0.848000 0.999000 0.777000 1.000000 0.000000 -0.923879 -0.382684 
0.492346 0.481522 0.359730 0.848000 0.999000 0.777000 1.000000 -0.382683 -0.923880 -0.000000 
0.490761 0.483998 0.352076 0.848000 0.999000 0.777000 1.000000 -0.461940 -0.800103 -0.382684 
polygon
0.500000 0.481522 0.352076 0.848000 0.999000 0.777000 1.000000 0.000000 -0.923879 -0.382684 
0.500000 0.480000 0.359730 0.848000 0.999000 0.777000 1.000000 0.000000 -1.000000 -0.000000 
0.492346 0.481522 0.359730 0.848000 0.999000 0.777000 1.000000 -0.382683 -0.923880 -0.000000 
polygon
0.500000 0.481522 0.352076 0.848000 0.999000 0.777000 1.000000 0.000000 -0.923879 -0.382684 
0.507654 0.481522 0.359730 0.848000 0.999000 0.777000 1.000000 0.382684 -0.923879 -0.000000 
0.500000 0.480000 0.359730 0.848000 0.999000 0.777000 1.000000 0.000000 -1.000000 -0.000000 
polygon
0.509239 0.483998 0.352076 0.848000 0.999000 0.777000 1.000000 0.461940 -0.800103 -0.382684 
0.507654 0.481522 0.359730 0.848000 0.999000 0.777000 1.000000 0.382684 -0.923879 -0.000000 
0.500000 0.481522 0.352076 0.848000 0.999000 0.777000 1.000000 0.000000 -0.923879 -0.382684 
polygon
0.509239 0.483998 0.352076 0.848000 0.999000 0.777000 1.000000 0.461940 -0.800103 -0.382684 
0.514142 0.485858 0.359730 0.848000 0.999000 0.777000 1.000000 0.707107 -0.707107 -0.000000 
0.507654 0.481522 0.359730 0.848000 0.999000 0.777000 1.000000 0.382684 -0.923879 -0.000000 
polygon
0.516002 0.490761 0.352076 0.848000 0.999000 0.777000 1.000000 0.800103 -0.461940 -0.382684 
0.514142 0.485858 0.359730 0.848000 0.999000 0.777000 1.000000 0.707107 -0.707107 -0.000000 
0.509239 0.483998 0.352076 0.848000 0.999000 0.777000 1.000000 0.461940 -0.800103 -0.382684 
polygon
0.516002 0.490761 0.352076 0.848000 0.999000 0.777000 1.000000 0.800103 -0.461940 -0.382684 
0.518478 0.492346 0.359730 0.848000 0.999000 0.777000 1.000000 0.923880 -0.382683 -0.000000 
0.514142 0.485858 0.359730 0.848000 0.999000 0.777000 1.000000 0.707107 -0.707107 -0.000000 
polygon
0.518478 0.500000 0.352076 0.848000 0.999000 0.777000 1.000000 0.923879 0.000000 -0.382684 
0.518478 0.492346 0.359730 0.848000 0.999000 0.777000 1.000000 0.923880 -0.382683 -0.000000 
0.516002 0.490761 0.352076 0.848000 0.999000 0.777000 1.000000 0.800103 -0.461940 -0.382684 
polygon
0.518478 0.500000 0.352076 0.848000 0.999000 0.777000 1.000000 0.923879 0.000000 -0.382684 
0.520000 0.500000 0.359730 0.848000 0.999000 0.777000 1.000000 1.000000 0.000000 -0.000000 
0.518478 0.492346 0.359730 0.848000 0.999000 0.777000 1.000000 0.923880 -0.382683 -0.000000 
# savg-sphere: requested 128 polygons, providing 128 
polygon
0.007654 0.000000 0.018478 0.309000 0.816000 0.309000 1.000000 0.382683 0.000000 0.923880 
0.000000 0.007654 0.018478 0.309000 0.816000 0.309000 1.000000 -0.000000 0.382683 0.923880 
0.000000 0.000000 0.020000 0.309000 0.816000 0.309000 1.000000 0.000000 0.000000 1.000000 
polygon
0.000000 0.007654 0.018478 0.309000 0.816000 0.309000 1.000000 -0.000000 0.382683 0.923880 
-0.007654 0.000000 0.018478 0.309000 0.816000 0.309000 1.000000 -0.382683 -0.000000 0.923880 
0.000000 0.000000 0.020000 0.309000 0.816000 0.309000 1.000000 0.000000 0.000000 1.000000 
polygon
-0.007654 0.000000 0.018478 0.309000 0.816000 0.309000 1.000000 -0.382683 -0.000000 0.923880 
0.000000 -0.007654 0.018478 0.309000 0.816000 0.309000 1.000000 0.000000 -0.382683 0.923880 
0.000000 0.000000 0.020000 0.309000 0.816000 0.309000 1.000000 0.000000 0.000000 1.000000 
polygon
0.000000 -0.007654 0.018478 0.309000 0.816000 0.309000 1.000000 0.000000 -0.382683 0.923880 
0.007654 0.000000 0.018478 0.309000 0.816000 0.309000 1.000000 0.382683 0.000000 0.923880 
0.000000 0.000000 0.020000 0.309000 0.816000 0.309000 1.000000 0.000000 0.000000 1.000000 
polygon
0.014142 0.000000 0.014142 0.309000 0.816000 0.309000 1.000000 0.707107 0.000000 0.707107 
0.010000 0.010000 0.014142 0.309000 0.816000 0.309000 1.000000 0.500000 0.500000 0.707107 
0.007654 0.000000 0.018478 0.309000 0.816000 0.309000 1.000000 0.382683 0.000000 0.923880 
polygon
0.007654 0.000000 0.018478 0.309000 0.816000 0.309000 1.000000 0.382683 0.000000 0.923880 
0.010000 0.010000 0.014142 0.309000 0.816000 0.309000 1.000000 0.500000 0.500000 0.707107 
0.000000 0.007654 0.018478 0.309000 0.816000 0.309000 1.000000 -0.000000 0.382683 0.923880 
polygon
0.010000 0.010000 0.014142 0.309000 0.816000 0.309000 1.000000 0.500000 0.500000 0.707107 
0.000000 0.014142 0.014142 0.309000 0.816000 0.309000 1.000000 -0.000000 0.707107 0.707107 
0.000000 0.007654 0.018478 0.309000 0.816000 0.309000 1.000000 -0.000000 0.382683 0.923880 
polygon
0.000000 0.014142 0.014142 0.309000 0.816000 0.309000 1.000000 -0.000000 0.707107 0.707107 
-0.010000 0.010000 0.014142 0.309000 0.816000 0.309000 1.000000 -0.500000 0.500000 0.707107 
0.000000 0.007654 0.018478 0.309000 0.816000 0.309000 1.000000 -0.000000 0.382683 0.923880 
polygon
0.000000 0.007654 0.018478 0.309000 0.816000 0.309000 1.000000 -0.000000 0.382683 0.923880 
-0.010000 0.010000 0.014142 0.309000 0.816000 0.309000 1.000000 -0.500000 0.500000 0.707107 
-0.007654 0.000000 0.018478 0.309000 0.816000 0.309000 1.000000 -0.382683 -0.000000 0.923880 
polygon
-0.010000 0.010000 0.014142 0.309000 0.816000 0.309000 1.000000 -0.500000 0.500000 0.707107 
-0.014142 0.000000 0.014142 0.309000 0.816000 0.309000 1.000000 -0.707107 -0.000000 0.707107 
-0.007654 0.000000 0.018478 0.309000 0.816000 0.309000 1.000000 -0.382683 -0.000000 0.923880 
polygon
-0.014142 0.000000 0.014142 0.309000 0.816000 0.309000 1.000000 -0.707107 -0.000000 0.707107 
-0.010000 -0.010000 0.014142 0.309000 0.816000 0.309000 1.000000 -0.500000 -0.500000 0.707107 
-0.007654 0.000000 0.018478 0.309000 0.816000 0.309000 1.000000 -0.382683 -0.000000 0.923880 
polygon
-0.007654 0.000000 0.018478 0.309000 0.816000 0.309000 1.000000 -0.382683 -0.000000 0.923880 
